1.712407080217726946e+09 -9.000000000000000000e+04 1.760901069999999888e-05
1.712407139073379993e+09 -8.900000000000000000e+04 1.757432509999999875e-05
1.712407162514831543e+09 -8.800000000000000000e+04 1.753411429999999848e-05
1.712407185998884678e+09 -8.700000000000000000e+04 1.749616669999999851e-05
1.712407209478655577e+09 -8.600000000000000000e+04 1.747009520000000020e-05
1.712407232960466862e+09 -8.500000000000000000e+04 1.744365879999999831e-05
1.712407257052550554e+09 -8.400000000000000000e+04 1.740093119999999938e-05
1.712407281339113235e+09 -8.300000000000000000e+04 1.736418489999999956e-05
1.712407306028095484e+09 -8.200000000000000000e+04 1.732826889999999832e-05
1.712407330914787292e+09 -8.100000000000000000e+04 1.730817450000000167e-05
1.712407346835111856e+09 -8.000000000000000000e+04 1.727374969999999891e-05
1.712407371923295975e+09 -7.900000000000000000e+04 1.723237789999999942e-05
1.712407395918755531e+09 -7.800000000000000000e+04 1.720346760000000160e-05
1.712407420608985186e+09 -7.700000000000000000e+04 1.716307659999999902e-05
1.712407445333211184e+09 -7.600000000000000000e+04 1.713409999999999914e-05
1.712407469819331646e+09 -7.500000000000000000e+04 1.710699000000000001e-05
1.712407494159858465e+09 -7.400000000000000000e+04 1.705869059999999876e-05
1.712407519054525852e+09 -7.300000000000000000e+04 1.703196420000000031e-05
1.712407543365883350e+09 -7.200000000000000000e+04 1.699235779999999868e-05
1.712407559283408642e+09 -7.100000000000000000e+04 1.697982609999999901e-05
1.712407581856038570e+09 -7.000000000000000000e+04 1.693167989999999954e-05
1.712407605730330229e+09 -6.900000000000000000e+04 1.689632839999999917e-05
1.712407629877079725e+09 -6.800000000000000000e+04 1.686698539999999832e-05
1.712407653763250589e+09 -6.700000000000000000e+04 1.681612270000000127e-05
1.712407677841467619e+09 -6.600000000000000000e+04 1.679144300000000084e-05
1.712407701931819916e+09 -6.500000000000000000e+04 1.675906350000000035e-05
1.712407726031909227e+09 -6.400000000000000000e+04 1.671423249999999888e-05
1.712407749794801712e+09 -6.300000000000000000e+04 1.668582190000000065e-05
1.712407773880356550e+09 -6.200000000000000000e+04 1.664791419999999845e-05
1.712407798091516733e+09 -6.100000000000000000e+04 1.663044720000000101e-05
1.712407822578132391e+09 -6.000000000000000000e+04 1.659229699999999880e-05
1.712407846503446102e+09 -5.900000000000000000e+04 1.655962890000000089e-05
1.712407862422799587e+09 -5.800000000000000000e+04 1.656189739999999966e-05
1.712407886708321571e+09 -5.700000000000000000e+04 1.648422700000000104e-05
1.712407911204986572e+09 -5.600000000000000000e+04 1.643975270000000134e-05
1.712407935879057169e+09 -5.500000000000000000e+04 1.641619969999999896e-05
1.712407959162315369e+09 -5.400000000000000000e+04 1.637763039999999901e-05
1.712407983886271000e+09 -5.300000000000000000e+04 1.634830409999999987e-05
1.712408008368034124e+09 -5.200000000000000000e+04 1.630806549999999955e-05
1.712408032669809580e+09 -5.100000000000000000e+04 1.627988930000000118e-05
1.712408057153614044e+09 -5.000000000000000000e+04 1.624347280000000085e-05
1.712408081834275484e+09 -4.900000000000000000e+04 1.620905199999999905e-05
1.712408106338488340e+09 -4.800000000000000000e+04 1.616340010000000006e-05
1.712408131028012276e+09 -4.700000000000000000e+04 1.614683040000000115e-05
1.712408154740599632e+09 -4.600000000000000000e+04 1.609208650000000106e-05
1.712408179406638622e+09 -4.500000000000000000e+04 1.605416309999999994e-05
1.712408202902217865e+09 -4.400000000000000000e+04 1.601083760000000011e-05
1.712408226792350054e+09 -4.300000000000000000e+04 1.598651159999999989e-05
1.712408251307443619e+09 -4.200000000000000000e+04 1.593138380000000100e-05
1.712408274595077991e+09 -4.100000000000000000e+04 1.589332899999999841e-05
1.712408298275908947e+09 -4.000000000000000000e+04 1.586193159999999913e-05
1.712408322401424170e+09 -3.900000000000000000e+04 1.582486959999999972e-05
1.712408346335899830e+09 -3.800000000000000000e+04 1.578014210000000143e-05
1.712408370608462095e+09 -3.700000000000000000e+04 1.575886079999999927e-05
1.712408394809487581e+09 -3.600000000000000000e+04 1.571401409999999887e-05
1.712408417982994318e+09 -3.500000000000000000e+04 1.567851599999999949e-05
1.712408442089349031e+09 -3.400000000000000000e+04 1.564391439999999914e-05
1.712408465971043825e+09 -3.300000000000000000e+04 1.561488870000000029e-05
1.712408490057821989e+09 -3.200000000000000000e+04 1.557298429999999918e-05
1.712408513977777004e+09 -3.100000000000000000e+04 1.552903609999999998e-05
1.712408529893062830e+09 -3.000000000000000000e+04 1.553642679999999983e-05
1.712408553581977844e+09 -2.900000000000000000e+04 1.547694130000000116e-05
1.712408578266848564e+09 -2.800000000000000000e+04 1.543206970000000065e-05
1.712408594195428848e+09 -2.700000000000000000e+04 1.543268699999999992e-05
1.712408618173081636e+09 -2.600000000000000000e+04 1.537592449999999997e-05
1.712408634101008177e+09 -2.500000000000000000e+04 1.536514140000000159e-05
1.712408658185215235e+09 -2.400000000000000000e+04 1.532497319999999915e-05
1.712408681272159338e+09 -2.300000000000000000e+04 1.529365269999999888e-05
1.712408705357271194e+09 -2.200000000000000000e+04 1.527173420000000107e-05
1.712408729563308001e+09 -2.100000000000000000e+04 1.527414929999999885e-05
1.712408753691412926e+09 -2.000000000000000000e+04 1.525934290000000078e-05
1.712408775807214737e+09 -1.900000000000000000e+04 1.527221940000000099e-05
1.712408799139257193e+09 -1.800000000000000000e+04 1.529318570000000145e-05
1.712408823234616280e+09 -1.700000000000000000e+04 1.532957399999999859e-05
1.712408846861928463e+09 -1.600000000000000000e+04 1.541911739999999906e-05
1.712408870969000816e+09 -1.500000000000000000e+04 1.557745000000000109e-05
1.712408894466209173e+09 -1.400000000000000000e+04 1.577472419999999877e-05
1.712408910386288166e+09 -1.300000000000000000e+04 1.597653980000000149e-05
1.712408933368081808e+09 -1.200000000000000000e+04 1.615627120000000036e-05
1.712408956650972128e+09 -1.100000000000000000e+04 1.634834920000000126e-05
1.712408979758581400e+09 -1.000000000000000000e+04 1.653770960000000017e-05
1.712409003244740248e+09 -9.000000000000000000e+03 1.673459579999999984e-05
1.712409026532662868e+09 -8.000000000000000000e+03 1.693074790000000007e-05
1.712409050050113440e+09 -7.000000000000000000e+03 1.712489249999999877e-05
1.712409073345504045e+09 -6.000000000000000000e+03 1.730965049999999921e-05
1.712409096628813982e+09 -5.000000000000000000e+03 1.750110910000000043e-05
1.712409119701990604e+09 -4.000000000000000000e+03 1.769806070000000102e-05
1.712409143001805305e+09 -3.000000000000000000e+03 1.790299879999999856e-05
1.712409166272347212e+09 -2.000000000000000000e+03 1.810238690000000086e-05
1.712409189552257061e+09 -1.000000000000000000e+03 1.829855169999999845e-05
1.712409213447695732e+09 0.000000000000000000e+00 1.848374849999999991e-05
1.712409236727809191e+09 1.000000000000000000e+03 1.869468999999999837e-05
1.712409258082655430e+09 2.000000000000000000e+03 1.890326570000000128e-05
1.712409273996042967e+09 3.000000000000000000e+03 1.913596519999999853e-05
1.712409297480687141e+09 4.000000000000000000e+03 1.928702069999999944e-05
1.712409320759216070e+09 5.000000000000000000e+03 1.949108920000000025e-05
1.712409344071718693e+09 6.000000000000000000e+03 1.969103139999999957e-05
1.712409367950438976e+09 7.000000000000000000e+03 1.989104349999999878e-05
1.712409391423444748e+09 8.000000000000000000e+03 2.009490469999999850e-05
1.712409414697378159e+09 9.000000000000000000e+03 2.029167649999999993e-05
1.712409438582194805e+09 1.000000000000000000e+04 2.050298700000000116e-05
1.712409462480113506e+09 1.100000000000000000e+04 2.070280799999999960e-05
1.712409486318825960e+09 1.200000000000000000e+04 2.090999980000000152e-05
1.712409510197777033e+09 1.300000000000000000e+04 2.111002429999999996e-05
1.712409534003366232e+09 1.400000000000000000e+04 2.131122609999999958e-05
1.712409566385138512e+09 1.500000000000000000e+04 2.149885399999999926e-05
1.712409590177613497e+09 1.600000000000000000e+04 2.166651980000000152e-05
1.712409613953626394e+09 1.700000000000000000e+04 2.177525290000000122e-05
1.712409637839266300e+09 1.800000000000000000e+04 2.183780449999999848e-05
1.712409661654369831e+09 1.900000000000000000e+04 2.189284629999999881e-05
1.712409685533257961e+09 2.000000000000000000e+04 2.192176049999999934e-05
1.712409709612496853e+09 2.100000000000000000e+04 2.192918280000000033e-05
1.712409733400384426e+09 2.200000000000000000e+04 2.193509579999999859e-05
1.712409757498644590e+09 2.300000000000000000e+04 2.192477919999999964e-05
1.712409781584193707e+09 2.400000000000000000e+04 2.191391669999999869e-05
1.712409806067758083e+09 2.500000000000000000e+04 2.189474299999999990e-05
1.712409829946594715e+09 2.600000000000000000e+04 2.186210990000000105e-05
1.712409854640379906e+09 2.700000000000000000e+04 2.184026450000000117e-05
1.712409879122965097e+09 2.800000000000000000e+04 2.181057749999999929e-05
1.712409903231954575e+09 2.900000000000000000e+04 2.177690789999999841e-05
1.712409927712383032e+09 3.000000000000000000e+04 2.172979909999999873e-05
1.712409952187339067e+09 3.100000000000000000e+04 2.170387890000000165e-05
1.712409976086077690e+09 3.200000000000000000e+04 2.166070580000000069e-05
1.712410000165654898e+09 3.300000000000000000e+04 2.162608479999999857e-05
1.712410024656751156e+09 3.400000000000000000e+04 2.158727179999999932e-05
1.712410049138359070e+09 3.500000000000000000e+04 2.154595219999999860e-05
1.712410073018319845e+09 3.600000000000000000e+04 2.150161129999999916e-05
1.712410096901172161e+09 3.700000000000000000e+04 2.145360270000000078e-05
1.712410112819034576e+09 3.800000000000000000e+04 2.142514789999999891e-05
1.712410136697256088e+09 3.900000000000000000e+04 2.137020600000000056e-05
1.712410160503374100e+09 4.000000000000000000e+04 2.133267540000000130e-05
1.712410184635292768e+09 4.100000000000000000e+04 2.128278089999999866e-05
1.712410208566452742e+09 4.200000000000000000e+04 2.124875209999999920e-05
1.712410233056304216e+09 4.300000000000000000e+04 2.121324809999999833e-05
1.712410257140604734e+09 4.400000000000000000e+04 2.117792420000000152e-05
1.712410281221199512e+09 4.500000000000000000e+04 2.112092589999999917e-05
1.712410305872868538e+09 4.600000000000000000e+04 2.108259800000000160e-05
1.712410329957033157e+09 4.700000000000000000e+04 2.102660690000000046e-05
1.712410354436913013e+09 4.800000000000000000e+04 2.100497899999999885e-05
1.712410378457784414e+09 4.900000000000000000e+04 2.095400380000000070e-05
1.712410402231358767e+09 5.000000000000000000e+04 2.091722109999999928e-05
1.712410426063834667e+09 5.100000000000000000e+04 2.088863330000000030e-05
1.712410450775449038e+09 5.200000000000000000e+04 2.084121210000000073e-05
1.712410466734237194e+09 5.300000000000000000e+04 2.082352389999999879e-05
1.712410490516283035e+09 5.400000000000000000e+04 2.074502529999999861e-05
1.712410514593159199e+09 5.500000000000000000e+04 2.071258469999999967e-05
1.712410538484824181e+09 5.600000000000000000e+04 2.066688050000000027e-05
1.712410563985907316e+09 5.700000000000000000e+04 2.062751479999999976e-05
1.712410588475770950e+09 5.800000000000000000e+04 2.058242059999999899e-05
1.712410612584688663e+09 5.900000000000000000e+04 2.053619040000000074e-05
1.712410644949685812e+09 6.000000000000000000e+04 2.050307310000000136e-05
1.712410669334414244e+09 6.100000000000000000e+04 2.046646350000000148e-05
1.712410693116711617e+09 6.200000000000000000e+04 2.043041719999999980e-05
1.712410717505116224e+09 6.300000000000000000e+04 2.037282650000000168e-05
1.712410741498294115e+09 6.400000000000000000e+04 2.034039330000000164e-05
1.712410765498391867e+09 6.500000000000000000e+04 2.029821939999999997e-05
1.712410789982040882e+09 6.600000000000000000e+04 2.026763899999999889e-05
1.712410813895224810e+09 6.700000000000000000e+04 2.022383190000000034e-05
1.712410837987929344e+09 6.800000000000000000e+04 2.017259610000000130e-05
1.712410862505418062e+09 6.900000000000000000e+04 2.014772999999999895e-05
1.712410886599476576e+09 7.000000000000000000e+04 2.009673289999999886e-05
1.712410902526966572e+09 7.100000000000000000e+04 2.007077999999999963e-05
1.712410926315715790e+09 7.200000000000000000e+04 2.000970360000000039e-05
1.712410950407699823e+09 7.300000000000000000e+04 1.996970559999999956e-05
1.712410974485003710e+09 7.400000000000000000e+04 1.993403000000000132e-05
1.712410998978734255e+09 7.500000000000000000e+04 1.989048839999999898e-05
1.712411023460769176e+09 7.600000000000000000e+04 1.985574670000000074e-05
1.712411047360656738e+09 7.700000000000000000e+04 1.980441159999999937e-05
1.712411071314163208e+09 7.800000000000000000e+04 1.976223540000000080e-05
1.712411095427033663e+09 7.900000000000000000e+04 1.971765130000000007e-05
1.712411119517161131e+09 8.000000000000000000e+04 1.967469599999999890e-05
1.712411143629891634e+09 8.100000000000000000e+04 1.963426500000000030e-05
1.712411175999481201e+09 8.200000000000000000e+04 1.959604369999999894e-05
1.712411199986171246e+09 8.300000000000000000e+04 1.955420929999999934e-05
1.712411232194119453e+09 8.400000000000000000e+04 1.951721109999999843e-05
1.712411255986228943e+09 8.500000000000000000e+04 1.948459400000000002e-05
1.712411279870844364e+09 8.600000000000000000e+04 1.943345400000000037e-05
1.712411295949611425e+09 8.700000000000000000e+04 1.939587570000000130e-05
1.712411319951450825e+09 8.800000000000000000e+04 1.934524769999999884e-05
1.712411344039842367e+09 8.900000000000000000e+04 1.930714670000000061e-05
1.712411368125183582e+09 9.000000000000000000e+04 1.926842870000000123e-05
1.712411434098791361e+09 9.000000000000000000e+04 1.925498630000000100e-05
1.712411508137528181e+09 8.900000000000000000e+04 1.931338439999999977e-05
1.712411531410684347e+09 8.800000000000000000e+04 1.936223160000000016e-05
1.712411547327453852e+09 8.700000000000000000e+04 1.937147779999999904e-05
1.712411571107787609e+09 8.600000000000000000e+04 1.946866920000000055e-05
1.712411595216346025e+09 8.500000000000000000e+04 1.951396130000000135e-05
1.712411619304896116e+09 8.400000000000000000e+04 1.955458989999999845e-05
1.712411635224602222e+09 8.300000000000000000e+04 1.957500229999999838e-05
1.712411659409578085e+09 8.200000000000000000e+04 1.963947649999999963e-05
1.712411683488456249e+09 8.100000000000000000e+04 1.967328100000000155e-05
1.712411707568133354e+09 8.000000000000000000e+04 1.971864330000000035e-05
1.712411731290422201e+09 7.900000000000000000e+04 1.973949619999999856e-05
1.712411755311116219e+09 7.800000000000000000e+04 1.981536040000000040e-05
1.712411778682726860e+09 7.700000000000000000e+04 1.984719189999999847e-05
1.712411802965127707e+09 7.600000000000000000e+04 1.990415390000000085e-05
1.712411826562762260e+09 7.500000000000000000e+04 1.992629100000000136e-05
1.712411850539683580e+09 7.400000000000000000e+04 1.997737509999999940e-05
1.712411874346508265e+09 7.300000000000000000e+04 2.001713310000000038e-05
1.712411898232953072e+09 7.200000000000000000e+04 2.004635359999999944e-05
1.712411922342850208e+09 7.100000000000000000e+04 2.009246859999999993e-05
1.712411946221834898e+09 7.000000000000000000e+04 2.012582100000000044e-05
1.712411970030726910e+09 6.900000000000000000e+04 2.017885660000000016e-05
1.712411985949114799e+09 6.800000000000000000e+04 2.020026140000000012e-05
1.712412009736505032e+09 6.700000000000000000e+04 2.027555329999999905e-05
1.712412033710408688e+09 6.600000000000000000e+04 2.030335340000000066e-05
1.712412057736458540e+09 6.500000000000000000e+04 2.034467110000000084e-05
1.712412081412578106e+09 6.400000000000000000e+04 2.039831140000000070e-05
1.712412105233666897e+09 6.300000000000000000e+04 2.046660189999999869e-05
1.712412129426724911e+09 6.200000000000000000e+04 2.048527730000000043e-05
1.712412152704747915e+09 6.100000000000000000e+04 2.053735020000000070e-05
1.712412176801245213e+09 6.000000000000000000e+04 2.058435439999999956e-05
1.712412200683162212e+09 5.900000000000000000e+04 2.063210720000000092e-05
1.712412216608834505e+09 5.800000000000000000e+04 2.060325400000000059e-05
1.712412240456429482e+09 5.700000000000000000e+04 2.071797600000000155e-05
1.712412264330782413e+09 5.600000000000000000e+04 2.077223800000000141e-05
1.712412287604065895e+09 5.500000000000000000e+04 2.082554019999999836e-05
1.712412311681958675e+09 5.400000000000000000e+04 2.086979150000000142e-05
1.712412335758580208e+09 5.300000000000000000e+04 2.090265510000000081e-05
1.712412359287394285e+09 5.200000000000000000e+04 2.095459429999999931e-05
1.712412383375924826e+09 5.100000000000000000e+04 2.101479610000000147e-05
1.712412407461539507e+09 5.000000000000000000e+04 2.105041769999999864e-05
1.712412431546454668e+09 4.900000000000000000e+04 2.109699589999999888e-05
1.712412455048150063e+09 4.800000000000000000e+04 2.113718300000000169e-05
1.712412479336259842e+09 4.700000000000000000e+04 2.118769860000000130e-05
1.712412503425809383e+09 4.600000000000000000e+04 2.122993079999999972e-05
1.712412527561192513e+09 4.500000000000000000e+04 2.127692950000000023e-05
1.712412551444903851e+09 4.400000000000000000e+04 2.132587380000000092e-05
1.712412575528913498e+09 4.300000000000000000e+04 2.138332520000000067e-05
1.712412599244382858e+09 4.200000000000000000e+04 2.142038720000000008e-05
1.712412623556623697e+09 4.100000000000000000e+04 2.147315960000000049e-05
1.712412647458900690e+09 4.000000000000000000e+04 2.151029320000000044e-05
1.712412671572884083e+09 3.900000000000000000e+04 2.156147129999999896e-05
1.712412695462271929e+09 3.800000000000000000e+04 2.160849500000000122e-05
1.712412719683851004e+09 3.700000000000000000e+04 2.165622519999999937e-05
1.712412742304106236e+09 3.600000000000000000e+04 2.170539820000000168e-05
1.712412782121588945e+09 3.500000000000000000e+04 2.175317609999999964e-05
1.712412831208101273e+09 3.400000000000000000e+04 2.179787270000000147e-05
1.712412855450879335e+09 3.300000000000000000e+04 2.183887190000000038e-05
1.712412879771089315e+09 3.200000000000000000e+04 2.188013510000000149e-05
1.712412904189614296e+09 3.100000000000000000e+04 2.191330889999999873e-05
1.712412928215644360e+09 3.000000000000000000e+04 2.196103000000000071e-05
1.712412952450609207e+09 2.900000000000000000e+04 2.199800729999999908e-05
1.712412976355474234e+09 2.800000000000000000e+04 2.203378489999999971e-05
1.712413001049243450e+09 2.700000000000000000e+04 2.206882189999999976e-05
1.712413024551857233e+09 2.600000000000000000e+04 2.210734839999999862e-05
1.712413082461935759e+09 2.500000000000000000e+04 2.213615770000000021e-05
1.712413105994328976e+09 2.400000000000000000e+04 2.215572779999999868e-05
1.712413130099633217e+09 2.300000000000000000e+04 2.217687829999999901e-05
1.712413154198239088e+09 2.200000000000000000e+04 2.218972610000000142e-05
1.712413178289437532e+09 2.100000000000000000e+04 2.220045720000000090e-05
1.712413201584884405e+09 2.000000000000000000e+04 2.219207180000000072e-05
1.712413225703147173e+09 1.900000000000000000e+04 2.217295829999999923e-05
1.712413249603369236e+09 1.800000000000000000e+04 2.213040429999999984e-05
1.712413274439753056e+09 1.700000000000000000e+04 2.207476899999999932e-05
1.712413297945218801e+09 1.600000000000000000e+04 2.197515400000000011e-05
1.712413321847657442e+09 1.500000000000000000e+04 2.180553899999999987e-05
1.712413345573436499e+09 1.400000000000000000e+04 2.161359390000000121e-05
1.712413369688262463e+09 1.300000000000000000e+04 2.141540160000000070e-05
1.712413393289889812e+09 1.200000000000000000e+04 2.121151280000000081e-05
1.712413417182825565e+09 1.100000000000000000e+04 2.100097070000000020e-05
1.712413440479692221e+09 1.000000000000000000e+04 2.080530370000000166e-05
1.712413464264633417e+09 9.000000000000000000e+03 2.060298959999999862e-05
1.712413488146128893e+09 8.000000000000000000e+03 2.038734989999999893e-05
1.712413512030011177e+09 7.000000000000000000e+03 2.018129419999999951e-05
1.712413535116846323e+09 6.000000000000000000e+03 1.998100100000000002e-05
1.712413559004725933e+09 5.000000000000000000e+03 1.977775590000000031e-05
1.712413582077741146e+09 4.000000000000000000e+03 1.958286689999999994e-05
1.712413605353778124e+09 3.000000000000000000e+03 1.937073909999999900e-05
1.712413628533547878e+09 2.000000000000000000e+03 1.917810919999999973e-05
1.712413644589128017e+09 1.000000000000000000e+03 1.894553039999999860e-05
1.712413667408179283e+09 0.000000000000000000e+00 1.876898080000000086e-05
1.712413690725439787e+09 -1.000000000000000000e+03 1.857374469999999967e-05
1.712413712834923983e+09 -2.000000000000000000e+03 1.838087690000000097e-05
1.712413736123336554e+09 -3.000000000000000000e+03 1.817931439999999861e-05
1.712413760088383436e+09 -4.000000000000000000e+03 1.800166910000000094e-05
1.712413784978506804e+09 -5.000000000000000000e+03 1.779842250000000044e-05
1.712413809225058317e+09 -6.000000000000000000e+03 1.759984779999999852e-05
1.712413833314721107e+09 -7.000000000000000000e+03 1.741347650000000095e-05
1.712413857443060398e+09 -8.000000000000000000e+03 1.720256770000000126e-05
1.712413881523328781e+09 -9.000000000000000000e+03 1.701353549999999942e-05
1.712413905651168823e+09 -1.000000000000000000e+04 1.683080879999999959e-05
1.712413929544696569e+09 -1.100000000000000000e+04 1.662607850000000115e-05
1.712413954234328508e+09 -1.200000000000000000e+04 1.643908740000000075e-05
1.712413978700478554e+09 -1.300000000000000000e+04 1.625192699999999989e-05
1.712414002584475279e+09 -1.400000000000000000e+04 1.605759559999999950e-05
1.712414027118970871e+09 -1.500000000000000000e+04 1.587689730000000035e-05
1.712414059208228111e+09 -1.600000000000000000e+04 1.570895390000000077e-05
1.712414132790282965e+09 -1.700000000000000000e+04 1.562591090000000076e-05
1.712414158994085073e+09 -1.800000000000000000e+04 1.558755099999999892e-05
1.712414183079168558e+09 -1.900000000000000000e+04 1.555601129999999971e-05
1.712414207511642218e+09 -2.000000000000000000e+04 1.555703209999999943e-05
1.712414232200733185e+09 -2.100000000000000000e+04 1.556927270000000151e-05
1.712414256273688316e+09 -2.200000000000000000e+04 1.558233270000000033e-05
1.712414281014521122e+09 -2.300000000000000000e+04 1.560601279999999832e-05
1.712414305122371435e+09 -2.400000000000000000e+04 1.564344539999999953e-05
1.712414321074449301e+09 -2.500000000000000000e+04 1.566870839999999956e-05
1.712414344870828629e+09 -2.600000000000000000e+04 1.570621539999999961e-05
1.712414368749808073e+09 -2.700000000000000000e+04 1.573328570000000085e-05
1.712414392667844057e+09 -2.800000000000000000e+04 1.577329340000000087e-05
1.712414416795600414e+09 -2.900000000000000000e+04 1.580054200000000048e-05
1.712414432713516235e+09 -3.000000000000000000e+04 1.585296769999999981e-05
1.712414456758392572e+09 -3.100000000000000000e+04 1.589574830000000042e-05
1.712414480843384743e+09 -3.200000000000000000e+04 1.591874349999999956e-05
1.712414504937434673e+09 -3.300000000000000000e+04 1.596260599999999833e-05
1.712414529065193892e+09 -3.400000000000000000e+04 1.599740400000000131e-05
1.712414553149976492e+09 -3.500000000000000000e+04 1.604187580000000082e-05
1.712414577177405119e+09 -3.600000000000000000e+04 1.607853569999999894e-05
1.712414601669811010e+09 -3.700000000000000000e+04 1.611479360000000078e-05
1.712414626204521418e+09 -3.800000000000000000e+04 1.616602599999999849e-05
1.712414650918037653e+09 -3.900000000000000000e+04 1.620111500000000082e-05
1.712414666836105108e+09 -4.000000000000000000e+04 1.625145640000000125e-05
1.712414690819203138e+09 -4.100000000000000000e+04 1.627516420000000105e-05
1.712414715579605341e+09 -4.200000000000000000e+04 1.633019299999999911e-05
1.712414740060602903e+09 -4.300000000000000000e+04 1.635773119999999893e-05
1.712414764700909138e+09 -4.400000000000000000e+04 1.640586390000000152e-05
1.712414789469520092e+09 -4.500000000000000000e+04 1.643414709999999924e-05
1.712414814102061749e+09 -4.600000000000000000e+04 1.649028840000000060e-05
1.712414838185843468e+09 -4.700000000000000000e+04 1.651851959999999943e-05
1.712414862672900677e+09 -4.800000000000000000e+04 1.656867219999999939e-05
1.712414887418000221e+09 -4.900000000000000000e+04 1.659997319999999965e-05
1.712414912121337175e+09 -5.000000000000000000e+04 1.664332840000000007e-05
1.712414936160107374e+09 -5.100000000000000000e+04 1.668506129999999867e-05
1.712414960050344944e+09 -5.200000000000000000e+04 1.671202590000000145e-05
1.712414984049247980e+09 -5.300000000000000000e+04 1.676499639999999837e-05
1.712415008301817417e+09 -5.400000000000000000e+04 1.681145790000000006e-05
1.712415032600817919e+09 -5.500000000000000000e+04 1.683707300000000128e-05
1.712415048525752068e+09 -5.600000000000000000e+04 1.692749260000000125e-05
1.712415072839277506e+09 -5.700000000000000000e+04 1.691991549999999946e-05
1.712415096957890272e+09 -5.800000000000000000e+04 1.695643089999999899e-05
1.712415121244078875e+09 -5.900000000000000000e+04 1.700766110000000142e-05
1.712415145933167219e+09 -6.000000000000000000e+04 1.703146430000000084e-05
1.712415162093863249e+09 -6.100000000000000000e+04 1.711546619999999922e-05
1.712415186788768768e+09 -6.200000000000000000e+04 1.711832900000000108e-05
1.712415211496063948e+09 -6.300000000000000000e+04 1.716894009999999856e-05
1.712415236401865959e+09 -6.400000000000000000e+04 1.720734130000000072e-05
1.712415260481501102e+09 -6.500000000000000000e+04 1.723131949999999883e-05
1.712415276404180765e+09 -6.600000000000000000e+04 1.732602189999999834e-05
1.712415301299767256e+09 -6.700000000000000000e+04 1.731122559999999922e-05
1.712415325987052917e+09 -6.800000000000000000e+04 1.734662979999999975e-05
1.712415350819118500e+09 -6.900000000000000000e+04 1.740062579999999861e-05
1.712415375506998062e+09 -7.000000000000000000e+04 1.744331329999999989e-05
1.712415400201367855e+09 -7.100000000000000000e+04 1.746055610000000143e-05
1.712415424917615414e+09 -7.200000000000000000e+04 1.749451429999999974e-05
1.712415449611527443e+09 -7.300000000000000000e+04 1.755499409999999898e-05
1.712415465533250332e+09 -7.400000000000000000e+04 1.762872830000000089e-05
1.712415490170505285e+09 -7.500000000000000000e+04 1.760858040000000117e-05
1.712415514658150673e+09 -7.600000000000000000e+04 1.763358599999999838e-05
1.712415539218819618e+09 -7.700000000000000000e+04 1.766970489999999998e-05
1.712415563964600086e+09 -7.800000000000000000e+04 1.770750099999999884e-05
1.712415588550694466e+09 -7.900000000000000000e+04 1.774991220000000030e-05
1.712415613186051607e+09 -8.000000000000000000e+04 1.780214909999999916e-05
1.712415637818565130e+09 -8.100000000000000000e+04 1.783181169999999892e-05
1.712415662343869448e+09 -8.200000000000000000e+04 1.783622439999999916e-05
1.712415686888848305e+09 -8.300000000000000000e+04 1.789347820000000041e-05
1.712415711320383310e+09 -8.400000000000000000e+04 1.793410220000000031e-05
1.712415736065353394e+09 -8.500000000000000000e+04 1.795146969999999892e-05
1.712415760321158171e+09 -8.600000000000000000e+04 1.797274770000000139e-05
1.712415784892639399e+09 -8.700000000000000000e+04 1.801873329999999920e-05
1.712415809809917212e+09 -8.800000000000000000e+04 1.806804880000000132e-05
1.712415834407947302e+09 -8.900000000000000000e+04 1.810982089999999982e-05
1.712415858917252064e+09 -9.000000000000000000e+04 1.815658480000000071e-05
