1.712335821180959940e+09 -9.000000000000000000e+04 1.732405519999999913e-05
1.712335837105451107e+09 -8.900000000000000000e+04 1.727999880000000130e-05
1.712335861917386293e+09 -8.800000000000000000e+04 1.727321940000000098e-05
1.712335886810847521e+09 -8.700000000000000000e+04 1.728243850000000108e-05
1.712335911532352448e+09 -8.600000000000000000e+04 1.725886929999999837e-05
1.712335936419382811e+09 -8.500000000000000000e+04 1.727460490000000100e-05
1.712335960632563829e+09 -8.400000000000000000e+04 1.723884180000000003e-05
1.712335985416848421e+09 -8.300000000000000000e+04 1.724249510000000095e-05
1.712336010012779713e+09 -8.200000000000000000e+04 1.722143840000000121e-05
1.712336034718574047e+09 -8.100000000000000000e+04 1.722348919999999844e-05
1.712336058600152016e+09 -8.000000000000000000e+04 1.719118129999999849e-05
1.712336082711398840e+09 -7.900000000000000000e+04 1.719125990000000155e-05
1.712336107600626230e+09 -7.800000000000000000e+04 1.718289679999999967e-05
1.712336132551575899e+09 -7.700000000000000000e+04 1.716383129999999950e-05
1.712336157257033110e+09 -7.600000000000000000e+04 1.714425250000000124e-05
1.712336181268821955e+09 -7.500000000000000000e+04 1.714512029999999907e-05
1.712336206188161373e+09 -7.400000000000000000e+04 1.714433529999999836e-05
1.712336231072882652e+09 -7.300000000000000000e+04 1.713840760000000056e-05
1.712336246986290693e+09 -7.200000000000000000e+04 1.709468829999999948e-05
1.712336271200323343e+09 -7.100000000000000000e+04 1.712104710000000109e-05
1.712336295915727615e+09 -7.000000000000000000e+04 1.711334420000000121e-05
1.712336320931421041e+09 -6.900000000000000000e+04 1.709332110000000019e-05
1.712336344606447697e+09 -6.800000000000000000e+04 1.709343300000000165e-05
1.712336369469928265e+09 -6.700000000000000000e+04 1.709747169999999877e-05
1.712336393583574057e+09 -6.600000000000000000e+04 1.707710209999999994e-05
1.712336418295647144e+09 -6.500000000000000000e+04 1.705109659999999878e-05
1.712336442585000753e+09 -6.400000000000000000e+04 1.705176079999999836e-05
1.712336466869920731e+09 -6.300000000000000000e+04 1.705058179999999990e-05
1.712336491754256487e+09 -6.200000000000000000e+04 1.703868240000000055e-05
1.712336516668385267e+09 -6.100000000000000000e+04 1.702739990000000071e-05
1.712336540752810001e+09 -6.000000000000000000e+04 1.703550019999999966e-05
1.712336565041501760e+09 -5.900000000000000000e+04 1.700632930000000096e-05
1.712336589337685347e+09 -5.800000000000000000e+04 1.700346439999999868e-05
1.712336613634813070e+09 -5.700000000000000000e+04 1.698346950000000085e-05
1.712336637744431019e+09 -5.600000000000000000e+04 1.698917970000000038e-05
1.712336653659817934e+09 -5.500000000000000000e+04 1.695498370000000088e-05
1.712336678239563465e+09 -5.400000000000000000e+04 1.697371060000000013e-05
1.712336702937605619e+09 -5.300000000000000000e+04 1.695534200000000169e-05
1.712336727622240067e+09 -5.200000000000000000e+04 1.695420450000000004e-05
1.712336751728055954e+09 -5.100000000000000000e+04 1.694723490000000010e-05
1.712336776430572748e+09 -5.000000000000000000e+04 1.693446679999999839e-05
1.712336792350353241e+09 -4.900000000000000000e+04 1.690163619999999927e-05
1.712336816944374800e+09 -4.800000000000000000e+04 1.691529929999999922e-05
1.712336841633602619e+09 -4.700000000000000000e+04 1.690482659999999857e-05
1.712336866345627546e+09 -4.600000000000000000e+04 1.688605159999999976e-05
1.712336890872539043e+09 -4.500000000000000000e+04 1.688273650000000000e-05
1.712336915558804750e+09 -4.400000000000000000e+04 1.686277899999999978e-05
1.712336938861487865e+09 -4.300000000000000000e+04 1.686662710000000090e-05
1.712336962951430321e+09 -4.200000000000000000e+04 1.686113990000000140e-05
1.712336978879819632e+09 -4.100000000000000000e+04 1.681502379999999988e-05
1.712337003487230301e+09 -4.000000000000000000e+04 1.683836720000000088e-05
1.712337026838320494e+09 -3.900000000000000000e+04 1.681854810000000126e-05
1.712337051062685251e+09 -3.800000000000000000e+04 1.682403200000000108e-05
1.712337075162639380e+09 -3.700000000000000000e+04 1.679186259999999997e-05
1.712337098864613295e+09 -3.600000000000000000e+04 1.679063250000000038e-05
1.712337122750502825e+09 -3.500000000000000000e+04 1.677818210000000043e-05
1.712337146841647387e+09 -3.400000000000000000e+04 1.676790729999999980e-05
1.712337170742187262e+09 -3.300000000000000000e+04 1.674958120000000095e-05
1.712337194419718027e+09 -3.200000000000000000e+04 1.673593829999999889e-05
1.712337218325483322e+09 -3.100000000000000000e+04 1.673362529999999836e-05
1.712337242003634214e+09 -3.000000000000000000e+04 1.672900869999999836e-05
1.712337265908800602e+09 -2.900000000000000000e+04 1.670621860000000164e-05
1.712337289815403461e+09 -2.800000000000000000e+04 1.670103389999999958e-05
1.712337314011390924e+09 -2.700000000000000000e+04 1.668110320000000001e-05
1.712337337318869352e+09 -2.600000000000000000e+04 1.667431169999999857e-05
1.712337361200892687e+09 -2.500000000000000000e+04 1.666162489999999997e-05
1.712337385891447544e+09 -2.400000000000000000e+04 1.663778429999999956e-05
1.712337409800675154e+09 -2.300000000000000000e+04 1.663819820000000046e-05
1.712337433878175974e+09 -2.200000000000000000e+04 1.662057490000000144e-05
1.712337449804374695e+09 -2.100000000000000000e+04 1.658885050000000097e-05
1.712337473818193197e+09 -2.000000000000000000e+04 1.658564069999999990e-05
1.712337489740332603e+09 -1.900000000000000000e+04 1.654669140000000047e-05
1.712337513719715595e+09 -1.800000000000000000e+04 1.654581350000000031e-05
1.712337537212574244e+09 -1.700000000000000000e+04 1.652213839999999928e-05
1.712337560513659716e+09 -1.600000000000000000e+04 1.650124889999999959e-05
1.712337584431822538e+09 -1.500000000000000000e+04 1.647015219999999885e-05
1.712337600349395752e+09 -1.400000000000000000e+04 1.642792759999999919e-05
1.712337622609946251e+09 -1.300000000000000000e+04 1.643066430000000145e-05
1.712337645712917805e+09 -1.200000000000000000e+04 1.640679090000000064e-05
1.712337669399082422e+09 -1.100000000000000000e+04 1.638898409999999962e-05
1.712337692874897957e+09 -1.000000000000000000e+04 1.635726739999999955e-05
1.712337716526820183e+09 -9.000000000000000000e+03 1.632294249999999877e-05
1.712337740204246521e+09 -8.000000000000000000e+03 1.630520810000000119e-05
1.712337764118404388e+09 -7.000000000000000000e+03 1.627619149999999851e-05
1.712337837128573895e+09 -6.000000000000000000e+03 1.629431990000000061e-05
1.712337861012776136e+09 -5.000000000000000000e+03 1.633842580000000055e-05
1.712337883909318924e+09 -4.000000000000000000e+03 1.638431410000000158e-05
1.712337907015435934e+09 -3.000000000000000000e+03 1.642613270000000062e-05
1.712337929883819818e+09 -2.000000000000000000e+03 1.645525760000000017e-05
1.712337953169125080e+09 -1.000000000000000000e+03 1.647843639999999955e-05
1.712337976448725700e+09 0.000000000000000000e+00 1.649670649999999855e-05
1.712337999946985245e+09 1.000000000000000000e+03 1.654277390000000086e-05
1.712338021607079744e+09 2.000000000000000000e+03 1.658230959999999971e-05
1.712338044885970831e+09 3.000000000000000000e+03 1.663662310000000046e-05
1.712338068999599934e+09 4.000000000000000000e+03 1.670666799999999961e-05
1.712338093089642286e+09 5.000000000000000000e+03 1.677289760000000142e-05
1.712338117197383642e+09 6.000000000000000000e+03 1.684340249999999886e-05
1.712338141077617407e+09 7.000000000000000000e+03 1.687314149999999963e-05
1.712338164963589668e+09 8.000000000000000000e+03 1.685464090000000009e-05
1.712338188867577076e+09 9.000000000000000000e+03 1.681301330000000018e-05
1.712338212954546452e+09 1.000000000000000000e+04 1.678029600000000167e-05
1.712338237064303637e+09 1.100000000000000000e+04 1.676175059999999886e-05
1.712338260950964451e+09 1.200000000000000000e+04 1.673364169999999856e-05
1.712338284835383892e+09 1.300000000000000000e+04 1.671308190000000011e-05
1.712338308920970678e+09 1.400000000000000000e+04 1.668289189999999896e-05
1.712338333023338795e+09 1.500000000000000000e+04 1.666223150000000066e-05
1.712338356903043747e+09 1.600000000000000000e+04 1.664280650000000042e-05
1.712338381625587225e+09 1.700000000000000000e+04 1.661758750000000076e-05
1.712338406083372355e+09 1.800000000000000000e+04 1.659849659999999908e-05
1.712338430397806644e+09 1.900000000000000000e+04 1.657084730000000071e-05
1.712338454289293289e+09 2.000000000000000000e+04 1.656095800000000130e-05
1.712338478398922682e+09 2.100000000000000000e+04 1.653186409999999985e-05
1.712338502235262156e+09 2.200000000000000000e+04 1.650802230000000017e-05
1.712338526137395859e+09 2.300000000000000000e+04 1.649880559999999862e-05
1.712338550225508690e+09 2.400000000000000000e+04 1.647265820000000069e-05
1.712338574120826006e+09 2.500000000000000000e+04 1.646164680000000043e-05
1.712338598609551191e+09 2.600000000000000000e+04 1.643501470000000058e-05
1.712338614540041208e+09 2.700000000000000000e+04 1.639163490000000156e-05
1.712338638256301641e+09 2.800000000000000000e+04 1.639751009999999907e-05
1.712338662943343878e+09 2.900000000000000000e+04 1.638432320000000113e-05
1.712338687058304787e+09 3.000000000000000000e+04 1.635144259999999852e-05
1.712338711151597738e+09 3.100000000000000000e+04 1.634997820000000070e-05
1.712338735769041300e+09 3.200000000000000000e+04 1.633421149999999834e-05
1.712338759682645559e+09 3.300000000000000000e+04 1.632415309999999835e-05
1.712338783589840412e+09 3.400000000000000000e+04 1.631047940000000145e-05
1.712338808001336575e+09 3.500000000000000000e+04 1.629021309999999914e-05
1.712338831983507395e+09 3.600000000000000000e+04 1.627061259999999882e-05
1.712338856596914768e+09 3.700000000000000000e+04 1.625377430000000050e-05
1.712338880573990822e+09 3.800000000000000000e+04 1.623585089999999919e-05
1.712338904995230913e+09 3.900000000000000000e+04 1.621982149999999891e-05
1.712338929083700895e+09 4.000000000000000000e+04 1.620260599999999942e-05
1.712338978434765100e+09 4.100000000000000000e+04 1.618711790000000055e-05
1.712339002927257299e+09 4.200000000000000000e+04 1.616564769999999967e-05
1.712339026832394838e+09 4.300000000000000000e+04 1.615142350000000018e-05
1.712339051435487509e+09 4.400000000000000000e+04 1.612766749999999918e-05
1.712339075506917238e+09 4.500000000000000000e+04 1.611850249999999840e-05
1.712339100039566994e+09 4.600000000000000000e+04 1.610022949999999947e-05
1.712339124144305706e+09 4.700000000000000000e+04 1.607937660000000125e-05
1.712339148357287645e+09 4.800000000000000000e+04 1.606825360000000105e-05
1.712339172236381292e+09 4.900000000000000000e+04 1.604147819999999849e-05
1.712339196329690695e+09 5.000000000000000000e+04 1.602609160000000062e-05
1.712339220303738832e+09 5.100000000000000000e+04 1.602765019999999880e-05
1.712339244793205500e+09 5.200000000000000000e+04 1.600358510000000098e-05
1.712339269501523256e+09 5.300000000000000000e+04 1.598382249999999921e-05
1.712339293728911638e+09 5.400000000000000000e+04 1.597146600000000149e-05
1.712339317850818157e+09 5.500000000000000000e+04 1.596084870000000062e-05
1.712339341730478764e+09 5.600000000000000000e+04 1.592344650000000126e-05
1.712339365612496614e+09 5.700000000000000000e+04 1.593399030000000106e-05
1.712339389730926752e+09 5.800000000000000000e+04 1.589786400000000056e-05
1.712339413812910557e+09 5.900000000000000000e+04 1.587009899999999965e-05
1.712339437894279718e+09 6.000000000000000000e+04 1.585872960000000011e-05
1.712339462010537624e+09 6.100000000000000000e+04 1.584190069999999947e-05
1.712339486701380014e+09 6.200000000000000000e+04 1.582725969999999914e-05
1.712339510812986851e+09 6.300000000000000000e+04 1.581250410000000070e-05
1.712339551484484434e+09 6.400000000000000000e+04 1.580750020000000057e-05
1.712339575381068945e+09 6.500000000000000000e+04 1.576653469999999982e-05
1.712339599769495487e+09 6.600000000000000000e+04 1.575092409999999916e-05
1.712339615703428268e+09 6.700000000000000000e+04 1.572402760000000073e-05
1.712339639703644991e+09 6.800000000000000000e+04 1.572159259999999980e-05
1.712339663762825251e+09 6.900000000000000000e+04 1.569178840000000138e-05
1.712339687836170912e+09 7.000000000000000000e+04 1.569135770000000053e-05
1.712339711962430716e+09 7.100000000000000000e+04 1.566484050000000030e-05
1.712339736049604654e+09 7.200000000000000000e+04 1.563805800000000036e-05
1.712339760081051111e+09 7.300000000000000000e+04 1.563736680000000026e-05
1.712339783758217812e+09 7.400000000000000000e+04 1.562121639999999897e-05
1.712339807659720898e+09 7.500000000000000000e+04 1.559168580000000031e-05
1.712339823580673218e+09 7.600000000000000000e+04 1.555814340000000005e-05
1.712339847626660109e+09 7.700000000000000000e+04 1.556306969999999990e-05
1.712339872351924658e+09 7.800000000000000000e+04 1.553110970000000029e-05
1.712339896571033001e+09 7.900000000000000000e+04 1.553339169999999933e-05
1.712339920485501528e+09 8.000000000000000000e+04 1.554010139999999966e-05
1.712339944245004892e+09 8.100000000000000000e+04 1.551763790000000099e-05
1.712339960155993462e+09 8.200000000000000000e+04 1.545563159999999931e-05
1.712339976080202341e+09 8.300000000000000000e+04 1.546418120000000136e-05
1.712340000135886431e+09 8.400000000000000000e+04 1.544423019999999888e-05
1.712340024220621109e+09 8.500000000000000000e+04 1.543388619999999965e-05
1.712340048369791508e+09 8.600000000000000000e+04 1.544100710000000082e-05
1.712340072263273478e+09 8.700000000000000000e+04 1.541360299999999914e-05
1.712340088212068081e+09 8.800000000000000000e+04 1.539975080000000060e-05
1.712340112020979404e+09 8.900000000000000000e+04 1.541677079999999862e-05
1.712340136113054752e+09 9.000000000000000000e+04 1.538280740000000008e-05
1.712340152334611416e+09 9.000000000000000000e+04 1.539906159999999928e-05
1.712340176217341661e+09 8.900000000000000000e+04 1.538737809999999917e-05
1.712340192152048111e+09 8.800000000000000000e+04 1.544078499999999857e-05
1.712340216039270401e+09 8.700000000000000000e+04 1.544042590000000163e-05
1.712340240114669085e+09 8.600000000000000000e+04 1.544322719999999851e-05
1.712340263913630009e+09 8.500000000000000000e+04 1.548424840000000099e-05
1.712340287805212021e+09 8.400000000000000000e+04 1.549020300000000108e-05
1.712340311507640600e+09 8.300000000000000000e+04 1.552549919999999948e-05
1.712340335587740421e+09 8.200000000000000000e+04 1.552683049999999855e-05
1.712340359500656128e+09 8.100000000000000000e+04 1.554588580000000153e-05
1.712340383581847668e+09 8.000000000000000000e+04 1.557108329999999901e-05
1.712340406851547480e+09 7.900000000000000000e+04 1.557616880000000037e-05
1.712340430740768433e+09 7.800000000000000000e+04 1.561230690000000047e-05
1.712340454517473936e+09 7.700000000000000000e+04 1.563581520000000122e-05
1.712340478827699184e+09 7.600000000000000000e+04 1.563703299999999981e-05
1.712340502105340958e+09 7.500000000000000000e+04 1.566731390000000162e-05
1.712340525950103283e+09 7.400000000000000000e+04 1.567743629999999999e-05
1.712340549663593292e+09 7.300000000000000000e+04 1.568345249999999992e-05
1.712340565584701777e+09 7.200000000000000000e+04 1.573613800000000062e-05
1.712340588063610792e+09 7.100000000000000000e+04 1.571555519999999920e-05
1.712340611334189415e+09 7.000000000000000000e+04 1.574431169999999900e-05
1.712340635412903786e+09 6.900000000000000000e+04 1.577170009999999837e-05
1.712340659501755476e+09 6.800000000000000000e+04 1.580204189999999875e-05
1.712340684782122135e+09 6.700000000000000000e+04 1.578156050000000009e-05
1.712340708459776878e+09 6.600000000000000000e+04 1.580571299999999901e-05
1.712340731964380503e+09 6.500000000000000000e+04 1.583371709999999863e-05
1.712340756051364899e+09 6.400000000000000000e+04 1.584490069999999927e-05
1.712340771973138332e+09 6.300000000000000000e+04 1.590649270000000029e-05
1.712340796066939354e+09 6.200000000000000000e+04 1.589345360000000062e-05
1.712340820355818748e+09 6.100000000000000000e+04 1.590749670000000005e-05
1.712340844571760654e+09 6.000000000000000000e+04 1.591101700000000047e-05
1.712340868354835749e+09 5.900000000000000000e+04 1.592899300000000031e-05
1.712340892445693731e+09 5.800000000000000000e+04 1.595165240000000022e-05
1.712340916051458120e+09 5.700000000000000000e+04 1.596660350000000015e-05
1.712340939931852341e+09 5.600000000000000000e+04 1.598798019999999855e-05
1.712340963454612494e+09 5.500000000000000000e+04 1.600803919999999977e-05
1.712340987336546421e+09 5.400000000000000000e+04 1.602051150000000166e-05
1.712341011252704144e+09 5.300000000000000000e+04 1.605493929999999921e-05
1.712341027174541235e+09 5.200000000000000000e+04 1.609459550000000107e-05
1.712341049637706041e+09 5.100000000000000000e+04 1.608505110000000044e-05
1.712341072921735525e+09 5.000000000000000000e+04 1.611364819999999885e-05
1.712341088838106155e+09 4.900000000000000000e+04 1.614438030000000092e-05
1.712341112407438993e+09 4.800000000000000000e+04 1.613259879999999938e-05
1.712341136490629435e+09 4.700000000000000000e+04 1.616108849999999867e-05
1.712341160188614845e+09 4.600000000000000000e+04 1.616638009999999846e-05
1.712341184167074203e+09 4.500000000000000000e+04 1.620186189999999927e-05
1.712341208190464497e+09 4.400000000000000000e+04 1.621753940000000163e-05
1.712341232271798134e+09 4.300000000000000000e+04 1.623533470000000116e-05
1.712341255567934990e+09 4.200000000000000000e+04 1.624728910000000097e-05
1.712341279648500681e+09 4.100000000000000000e+04 1.625758549999999864e-05
1.712341303362567663e+09 4.000000000000000000e+04 1.627561720000000021e-05
1.712341327258282423e+09 3.900000000000000000e+04 1.628210210000000162e-05
1.712341351350119591e+09 3.800000000000000000e+04 1.630162959999999887e-05
1.712341375453720093e+09 3.700000000000000000e+04 1.630971569999999966e-05
1.712341399534803391e+09 3.600000000000000000e+04 1.633595290000000062e-05
1.712341423408487797e+09 3.500000000000000000e+04 1.634892909999999955e-05
1.712341447116859674e+09 3.400000000000000000e+04 1.636064010000000158e-05
1.712341471203223705e+09 3.300000000000000000e+04 1.637482559999999917e-05
1.712341494911510944e+09 3.200000000000000000e+04 1.640494760000000098e-05
1.712341518187463284e+09 3.100000000000000000e+04 1.641758390000000147e-05
1.712341542268641233e+09 3.000000000000000000e+04 1.644920290000000162e-05
1.712341566174181938e+09 2.900000000000000000e+04 1.646851890000000033e-05
1.712341590054387808e+09 2.800000000000000000e+04 1.648114869999999969e-05
1.712341613758840322e+09 2.700000000000000000e+04 1.649041479999999833e-05
1.712341637669795036e+09 2.600000000000000000e+04 1.651130039999999869e-05
1.712341653681647539e+09 2.500000000000000000e+04 1.655038809999999873e-05
1.712341676044113636e+09 2.400000000000000000e+04 1.655143429999999995e-05
1.712341699055346012e+09 2.300000000000000000e+04 1.658396659999999907e-05
1.712341723140346289e+09 2.200000000000000000e+04 1.660038520000000001e-05
1.712341747634220600e+09 2.100000000000000000e+04 1.662804920000000131e-05
1.712341771317076683e+09 2.000000000000000000e+04 1.665153520000000036e-05
1.712341795295259476e+09 1.900000000000000000e+04 1.666248520000000066e-05
1.712341819113316774e+09 1.800000000000000000e+04 1.669926959999999935e-05
1.712341842588954926e+09 1.700000000000000000e+04 1.672453680000000022e-05
1.712341866537282228e+09 1.600000000000000000e+04 1.674862430000000136e-05
1.712341890217240095e+09 1.500000000000000000e+04 1.677815339999999924e-05
1.712341914099936008e+09 1.400000000000000000e+04 1.679760110000000093e-05
1.712341937976992607e+09 1.300000000000000000e+04 1.682232330000000094e-05
1.712341961897408962e+09 1.200000000000000000e+04 1.686279550000000161e-05
1.712341985583343506e+09 1.100000000000000000e+04 1.688696179999999892e-05
1.712342009640475273e+09 1.000000000000000000e+04 1.691680250000000057e-05
1.712342033515616179e+09 9.000000000000000000e+03 1.695678800000000052e-05
1.712342057616399288e+09 8.000000000000000000e+03 1.698925869999999981e-05
1.712342081727410078e+09 7.000000000000000000e+03 1.702043630000000052e-05
1.712342155356919765e+09 6.000000000000000000e+03 1.699442740000000143e-05
1.712342178364127636e+09 5.000000000000000000e+03 1.692921210000000159e-05
1.712342202143767357e+09 4.000000000000000000e+03 1.686676739999999866e-05
1.712342225949798584e+09 3.000000000000000000e+03 1.680538030000000018e-05
1.712342250033470154e+09 2.000000000000000000e+03 1.674594649999999889e-05
1.712342323254135847e+09 1.000000000000000000e+03 1.671421699999999983e-05
1.712342346635002613e+09 0.000000000000000000e+00 1.667406790000000103e-05
1.712342362556735039e+09 -1.000000000000000000e+03 1.668797560000000142e-05
1.712342385534019947e+09 -2.000000000000000000e+03 1.664741369999999936e-05
1.712342409008841991e+09 -3.000000000000000000e+03 1.660617299999999982e-05
1.712342432886637449e+09 -4.000000000000000000e+03 1.657774839999999993e-05
1.712342456988648415e+09 -5.000000000000000000e+03 1.653117570000000143e-05
1.712342481155859232e+09 -6.000000000000000000e+03 1.649472270000000126e-05
1.712342504965487003e+09 -7.000000000000000000e+03 1.646781740000000140e-05
1.712342578810874462e+09 -8.000000000000000000e+03 1.649229310000000043e-05
1.712342602887976885e+09 -9.000000000000000000e+03 1.653231270000000169e-05
1.712342618812731028e+09 -1.000000000000000000e+04 1.657369780000000157e-05
1.712342642891270638e+09 -1.100000000000000000e+04 1.657817959999999878e-05
1.712342666767122746e+09 -1.200000000000000000e+04 1.660681120000000164e-05
1.712342690876512766e+09 -1.300000000000000000e+04 1.663502449999999948e-05
1.712342714762907982e+09 -1.400000000000000000e+04 1.666037169999999917e-05
1.712342739241739511e+09 -1.500000000000000000e+04 1.667348029999999895e-05
1.712342763347353697e+09 -1.600000000000000000e+04 1.670811819999999928e-05
1.712342788046883583e+09 -1.700000000000000000e+04 1.672597469999999889e-05
1.712342803967603445e+09 -1.800000000000000000e+04 1.675720630000000067e-05
1.712342827957534552e+09 -1.900000000000000000e+04 1.675640210000000146e-05
1.712342843873731375e+09 -2.000000000000000000e+04 1.680020740000000111e-05
1.712342867653460741e+09 -2.100000000000000000e+04 1.680288830000000000e-05
1.712342891673689604e+09 -2.200000000000000000e+04 1.681040339999999880e-05
1.712342915752123833e+09 -2.300000000000000000e+04 1.683404060000000084e-05
1.712342940032483578e+09 -2.400000000000000000e+04 1.685391829999999873e-05
1.712342963941579103e+09 -2.500000000000000000e+04 1.686915939999999862e-05
1.712342988027585030e+09 -2.600000000000000000e+04 1.689627790000000106e-05
1.712343003951596737e+09 -2.700000000000000000e+04 1.691260370000000079e-05
1.712343028022035122e+09 -2.800000000000000000e+04 1.691272499999999993e-05
1.712343052114089489e+09 -2.900000000000000000e+04 1.692898579999999850e-05
1.712343075998452425e+09 -3.000000000000000000e+04 1.693903159999999937e-05
1.712343100075866699e+09 -3.100000000000000000e+04 1.696097790000000062e-05
1.712343123960546970e+09 -3.200000000000000000e+04 1.698272179999999951e-05
1.712343147838189363e+09 -3.300000000000000000e+04 1.698694040000000080e-05
1.712343172340485811e+09 -3.400000000000000000e+04 1.700261389999999881e-05
1.712343196425574064e+09 -3.500000000000000000e+04 1.701576910000000077e-05
1.712343220526410341e+09 -3.600000000000000000e+04 1.702581179999999845e-05
1.712343244510414124e+09 -3.700000000000000000e+04 1.704015809999999997e-05
1.712343268589392900e+09 -3.800000000000000000e+04 1.705224600000000167e-05
1.712343293406383276e+09 -3.900000000000000000e+04 1.706501750000000131e-05
1.712343367440903425e+09 -4.000000000000000000e+04 1.706432349999999952e-05
1.712343391524288416e+09 -4.100000000000000000e+04 1.707458300000000098e-05
1.712343416242098093e+09 -4.200000000000000000e+04 1.707579780000000139e-05
1.712343440133983135e+09 -4.300000000000000000e+04 1.709777010000000040e-05
1.712343464838145018e+09 -4.400000000000000000e+04 1.709191840000000046e-05
1.712343489350600481e+09 -4.500000000000000000e+04 1.711521709999999982e-05
1.712343513946851254e+09 -4.600000000000000000e+04 1.712095819999999921e-05
1.712343538511573315e+09 -4.700000000000000000e+04 1.713246179999999852e-05
1.712343562589892149e+09 -4.800000000000000000e+04 1.714202790000000120e-05
1.712343586814553022e+09 -4.900000000000000000e+04 1.715667189999999970e-05
1.712343610797171354e+09 -5.000000000000000000e+04 1.716379679999999845e-05
1.712343634796803474e+09 -5.100000000000000000e+04 1.716945610000000010e-05
1.712343658696954012e+09 -5.200000000000000000e+04 1.717856700000000157e-05
1.712343682778747082e+09 -5.300000000000000000e+04 1.718568090000000022e-05
1.712343756835297585e+09 -5.400000000000000000e+04 1.721372010000000053e-05
1.712343780717720032e+09 -5.500000000000000000e+04 1.723315139999999864e-05
1.712343804649558544e+09 -5.600000000000000000e+04 1.723741070000000061e-05
1.712343828721353531e+09 -5.700000000000000000e+04 1.725658820000000048e-05
1.712343853013248920e+09 -5.800000000000000000e+04 1.726156839999999976e-05
1.712343877299781799e+09 -5.900000000000000000e+04 1.727671359999999863e-05
1.712343893220238686e+09 -6.000000000000000000e+04 1.730943260000000118e-05
1.712343917302809238e+09 -6.100000000000000000e+04 1.729134819999999945e-05
1.712343942199059486e+09 -6.200000000000000000e+04 1.730423149999999892e-05
1.712343966838457584e+09 -6.300000000000000000e+04 1.732205490000000001e-05
1.712343991557390928e+09 -6.400000000000000000e+04 1.731961920000000120e-05
1.712344016289488316e+09 -6.500000000000000000e+04 1.734703290000000044e-05
1.712344040971095085e+09 -6.600000000000000000e+04 1.735634020000000115e-05
1.712344057110682249e+09 -6.700000000000000000e+04 1.739161050000000004e-05
1.712344081697066545e+09 -6.800000000000000000e+04 1.738091900000000021e-05
1.712344106324280500e+09 -6.900000000000000000e+04 1.740018950000000116e-05
1.712344130850147247e+09 -7.000000000000000000e+04 1.738211310000000134e-05
1.712344155759232283e+09 -7.100000000000000000e+04 1.742672539999999849e-05
1.712344180435599804e+09 -7.200000000000000000e+04 1.743700300000000080e-05
1.712344205164496660e+09 -7.300000000000000000e+04 1.744119219999999964e-05
1.712344230050394058e+09 -7.400000000000000000e+04 1.743767749999999920e-05
1.712344254557689190e+09 -7.500000000000000000e+04 1.746248269999999960e-05
1.712344279250421286e+09 -7.600000000000000000e+04 1.748973089999999946e-05
1.712344303934095144e+09 -7.700000000000000000e+04 1.750945379999999994e-05
1.712344328415982962e+09 -7.800000000000000000e+04 1.751132419999999837e-05
1.712344353104755163e+09 -7.900000000000000000e+04 1.751107150000000116e-05
1.712344377588824749e+09 -8.000000000000000000e+04 1.752899239999999891e-05
1.712344393522624969e+09 -8.100000000000000000e+04 1.755830600000000068e-05
1.712344418112082720e+09 -8.200000000000000000e+04 1.755527720000000144e-05
1.712344442813768625e+09 -8.300000000000000000e+04 1.755924920000000012e-05
1.712344467514390230e+09 -8.400000000000000000e+04 1.755292690000000155e-05
1.712344492216246128e+09 -8.500000000000000000e+04 1.758225459999999984e-05
1.712344516861639500e+09 -8.600000000000000000e+04 1.760249450000000125e-05
1.712344541596812963e+09 -8.700000000000000000e+04 1.760752080000000132e-05
1.712344557520197392e+09 -8.800000000000000000e+04 1.763900260000000013e-05
1.712344582107370138e+09 -8.900000000000000000e+04 1.761636009999999842e-05
1.712344606595127821e+09 -9.000000000000000000e+04 1.764900489999999864e-05
