1.712349629615544081e+09 -9.000000000000000000e+04 1.392038160000000076e-05
1.712349654320340157e+09 -8.900000000000000000e+04 1.394204169999999974e-05
1.712349677971628189e+09 -8.800000000000000000e+04 1.395409069999999966e-05
1.712349701456389189e+09 -8.700000000000000000e+04 1.394616789999999958e-05
1.712349724939610004e+09 -8.600000000000000000e+04 1.392727429999999999e-05
1.712349748434505939e+09 -8.500000000000000000e+04 1.399336430000000024e-05
1.712349771991785288e+09 -8.400000000000000000e+04 1.397308409999999960e-05
1.712349795485052586e+09 -8.300000000000000000e+04 1.400407909999999946e-05
1.712349818781312227e+09 -8.200000000000000000e+04 1.397876239999999987e-05
1.712349841458509684e+09 -8.100000000000000000e+04 1.400515960000000017e-05
1.712349865545689821e+09 -8.000000000000000000e+04 1.396461779999999944e-05
1.712349890444482327e+09 -7.900000000000000000e+04 1.399033799999999947e-05
1.712349915459726810e+09 -7.800000000000000000e+04 1.400417730000000077e-05
1.712349940555127382e+09 -7.700000000000000000e+04 1.401940260000000009e-05
1.712349965680655003e+09 -7.600000000000000000e+04 1.400504490000000041e-05
1.712349989579800606e+09 -7.500000000000000000e+04 1.397114609999999989e-05
1.712350014494465351e+09 -7.400000000000000000e+04 1.400269019999999981e-05
1.712350038887168884e+09 -7.300000000000000000e+04 1.401583860000000081e-05
1.712350063803211927e+09 -7.200000000000000000e+04 1.401311409999999962e-05
1.712350088297663450e+09 -7.100000000000000000e+04 1.399910049999999921e-05
1.712350113211030722e+09 -7.000000000000000000e+04 1.402758940000000068e-05
1.712350137516986609e+09 -6.900000000000000000e+04 1.402943689999999948e-05
1.712350161400909424e+09 -6.800000000000000000e+04 1.404149389999999963e-05
1.712350186390541792e+09 -6.700000000000000000e+04 1.402983509999999976e-05
1.712350211192961216e+09 -6.600000000000000000e+04 1.405524119999999923e-05
1.712350235286484241e+09 -6.500000000000000000e+04 1.406156659999999930e-05
1.712350257962360144e+09 -6.400000000000000000e+04 1.404979800000000009e-05
1.712350281545672655e+09 -6.300000000000000000e+04 1.406585109999999952e-05
1.712350305736483574e+09 -6.200000000000000000e+04 1.407032579999999935e-05
1.712350329831708431e+09 -6.100000000000000000e+04 1.406684240000000022e-05
1.712350354138426781e+09 -6.000000000000000000e+04 1.408334199999999937e-05
1.712350377016180277e+09 -5.900000000000000000e+04 1.408027549999999932e-05
1.712350400301901579e+09 -5.800000000000000000e+04 1.409571689999999946e-05
1.712350424396743536e+09 -5.700000000000000000e+04 1.408248619999999934e-05
1.712350448302115440e+09 -5.600000000000000000e+04 1.411015539999999917e-05
1.712350472392007351e+09 -5.500000000000000000e+04 1.410011879999999949e-05
1.712350497086613655e+09 -5.400000000000000000e+04 1.409083309999999920e-05
1.712350522022732019e+09 -5.300000000000000000e+04 1.411300220000000059e-05
1.712350546133560181e+09 -5.200000000000000000e+04 1.411000379999999982e-05
1.712350570955523252e+09 -5.100000000000000000e+04 1.412933850000000072e-05
1.712350595245110035e+09 -5.000000000000000000e+04 1.412819300000000055e-05
1.712350619730440140e+09 -4.900000000000000000e+04 1.412462319999999971e-05
1.712350644488224983e+09 -4.800000000000000000e+04 1.412947860000000029e-05
1.712350669177210569e+09 -4.700000000000000000e+04 1.413697339999999957e-05
1.712350693393236637e+09 -4.600000000000000000e+04 1.414979830000000064e-05
1.712350718138094664e+09 -4.500000000000000000e+04 1.414098999999999994e-05
1.712350742453940630e+09 -4.400000000000000000e+04 1.414696910000000039e-05
1.712350767149815798e+09 -4.300000000000000000e+04 1.417086419999999987e-05
1.712350791257607937e+09 -4.200000000000000000e+04 1.413474089999999924e-05
1.712350815328574896e+09 -4.100000000000000000e+04 1.416137920000000041e-05
1.712350840036748171e+09 -4.000000000000000000e+04 1.417655840000000064e-05
1.712350864126347780e+09 -3.900000000000000000e+04 1.417882929999999965e-05
1.712350887412783146e+09 -3.800000000000000000e+04 1.416403300000000053e-05
1.712350911526998281e+09 -3.700000000000000000e+04 1.416855329999999975e-05
1.712350935619414091e+09 -3.600000000000000000e+04 1.416840430000000051e-05
1.712350959929894924e+09 -3.500000000000000000e+04 1.417282709999999969e-05
1.712350983814783335e+09 -3.400000000000000000e+04 1.415821500000000044e-05
1.712351007907727242e+09 -3.300000000000000000e+04 1.416119089999999964e-05
1.712351031195047140e+09 -3.200000000000000000e+04 1.415490189999999947e-05
1.712351055429997206e+09 -3.100000000000000000e+04 1.415434449999999938e-05
1.712351079531316757e+09 -3.000000000000000000e+04 1.415038889999999920e-05
1.712351111825090408e+09 -2.900000000000000000e+04 1.416268739999999998e-05
1.712351135640501976e+09 -2.800000000000000000e+04 1.415550590000000005e-05
1.712351159735951662e+09 -2.700000000000000000e+04 1.415429800000000053e-05
1.712351183385485888e+09 -2.600000000000000000e+04 1.417773020000000008e-05
1.712351207480105400e+09 -2.500000000000000000e+04 1.416381350000000008e-05
1.712351231972991467e+09 -2.400000000000000000e+04 1.416742660000000001e-05
1.712351256063150167e+09 -2.300000000000000000e+04 1.415684850000000073e-05
1.712351279750689983e+09 -2.200000000000000000e+04 1.417949359999999917e-05
1.712351303864584684e+09 -2.100000000000000000e+04 1.417255860000000022e-05
1.712351327760090351e+09 -2.000000000000000000e+04 1.415135950000000062e-05
1.712351351558814287e+09 -1.900000000000000000e+04 1.416649480000000042e-05
1.712351375244391918e+09 -1.800000000000000000e+04 1.416833079999999944e-05
1.712351399134747028e+09 -1.700000000000000000e+04 1.416850150000000074e-05
1.712351422424617290e+09 -1.600000000000000000e+04 1.417722540000000021e-05
1.712351446334746838e+09 -1.500000000000000000e+04 1.417532799999999955e-05
1.712351470231136560e+09 -1.400000000000000000e+04 1.416598730000000050e-05
1.712351494136454582e+09 -1.300000000000000000e+04 1.417428680000000037e-05
1.712351517819756031e+09 -1.200000000000000000e+04 1.416949059999999939e-05
1.712351541305730820e+09 -1.100000000000000000e+04 1.417353140000000031e-05
1.712351564832701206e+09 -1.000000000000000000e+04 1.416716829999999943e-05
1.712351588524781466e+09 -9.000000000000000000e+03 1.415900209999999987e-05
1.712351611997628927e+09 -8.000000000000000000e+03 1.414413739999999996e-05
1.712351635881544590e+09 -7.000000000000000000e+03 1.412531830000000084e-05
1.712351659287284374e+09 -6.000000000000000000e+03 1.412915339999999970e-05
1.712351682874353170e+09 -5.000000000000000000e+03 1.412316970000000035e-05
1.712351706156577110e+09 -4.000000000000000000e+03 1.412789039999999977e-05
1.712351729258448124e+09 -3.000000000000000000e+03 1.412917889999999945e-05
1.712351751940317869e+09 -2.000000000000000000e+03 1.413753480000000062e-05
1.712351774820956469e+09 -1.000000000000000000e+03 1.414568380000000046e-05
1.712351798231716156e+09 0.000000000000000000e+00 1.414939589999999953e-05
1.712351821313797235e+09 1.000000000000000000e+03 1.416013610000000026e-05
1.712351892928847790e+09 2.000000000000000000e+03 1.414990470000000036e-05
1.712351916322789907e+09 3.000000000000000000e+03 1.414724299999999997e-05
1.712351939935645580e+09 4.000000000000000000e+03 1.414187000000000052e-05
1.712351964090802670e+09 5.000000000000000000e+03 1.414967540000000079e-05
1.712351987389955521e+09 6.000000000000000000e+03 1.415347179999999945e-05
1.712352011483128548e+09 7.000000000000000000e+03 1.416522429999999998e-05
1.712352035374115944e+09 8.000000000000000000e+03 1.419415719999999931e-05
1.712352059255271912e+09 9.000000000000000000e+03 1.421614119999999967e-05
1.712352083552009106e+09 1.000000000000000000e+04 1.422686279999999984e-05
1.712352107444938421e+09 1.100000000000000000e+04 1.422970719999999933e-05
1.712352131537084341e+09 1.200000000000000000e+04 1.422630529999999981e-05
1.712352155443139791e+09 1.300000000000000000e+04 1.423730899999999966e-05
1.712352179330527306e+09 1.400000000000000000e+04 1.422883220000000080e-05
1.712352203429947376e+09 1.500000000000000000e+04 1.422461649999999944e-05
1.712352227227605820e+09 1.600000000000000000e+04 1.422015329999999940e-05
1.712352251515570641e+09 1.700000000000000000e+04 1.422305340000000061e-05
1.712352275196705818e+09 1.800000000000000000e+04 1.423531730000000039e-05
1.712352299108027220e+09 1.900000000000000000e+04 1.422129869999999963e-05
1.712352323392211199e+09 2.000000000000000000e+04 1.421697420000000001e-05
1.712352347238336325e+09 2.100000000000000000e+04 1.422233049999999944e-05
1.712352371235492706e+09 2.200000000000000000e+04 1.420884190000000018e-05
1.712352395228338003e+09 2.300000000000000000e+04 1.421911609999999948e-05
1.712352419120789289e+09 2.400000000000000000e+04 1.420339370000000069e-05
1.712352443424454451e+09 2.500000000000000000e+04 1.420815540000000061e-05
1.712352467717646122e+09 2.600000000000000000e+04 1.420976380000000070e-05
1.712352492613016605e+09 2.700000000000000000e+04 1.420153800000000010e-05
1.712352516695240974e+09 2.800000000000000000e+04 1.420530410000000023e-05
1.712352540812062025e+09 2.900000000000000000e+04 1.421063420000000034e-05
1.712352565025499105e+09 3.000000000000000000e+04 1.419500820000000056e-05
1.712352589041649103e+09 3.100000000000000000e+04 1.420112990000000075e-05
1.712352613539083004e+09 3.200000000000000000e+04 1.419903199999999995e-05
1.712352637535472870e+09 3.300000000000000000e+04 1.419967679999999946e-05
1.712352661622023344e+09 3.400000000000000000e+04 1.420236339999999997e-05
1.712352685542347431e+09 3.500000000000000000e+04 1.418933280000000022e-05
1.712352709849647045e+09 3.600000000000000000e+04 1.418078959999999936e-05
1.712352734344099045e+09 3.700000000000000000e+04 1.418881380000000051e-05
1.712352758456169844e+09 3.800000000000000000e+04 1.419515979999999992e-05
1.712352782540632010e+09 3.900000000000000000e+04 1.419075460000000021e-05
1.712352806935542345e+09 4.000000000000000000e+04 1.418463919999999958e-05
1.712352830836003304e+09 4.100000000000000000e+04 1.419432189999999917e-05
1.712352855132971048e+09 4.200000000000000000e+04 1.417206889999999964e-05
1.712352879019905090e+09 4.300000000000000000e+04 1.416011429999999995e-05
1.712352902926412344e+09 4.400000000000000000e+04 1.415980869999999931e-05
1.712352926803854227e+09 4.500000000000000000e+04 1.416331980000000024e-05
1.712352950699482441e+09 4.600000000000000000e+04 1.415083540000000062e-05
1.712352975606446028e+09 4.700000000000000000e+04 1.414016869999999927e-05
1.712352999904052973e+09 4.800000000000000000e+04 1.414437400000000018e-05
1.712353023991824865e+09 4.900000000000000000e+04 1.413770010000000012e-05
1.712353047888350248e+09 5.000000000000000000e+04 1.412887539999999922e-05
1.712353072614769936e+09 5.100000000000000000e+04 1.413763399999999963e-05
1.712353096699917316e+09 5.200000000000000000e+04 1.412373649999999982e-05
1.712353121189699173e+09 5.300000000000000000e+04 1.410787550000000055e-05
1.712353145299209833e+09 5.400000000000000000e+04 1.411792949999999983e-05
1.712353169701983213e+09 5.500000000000000000e+04 1.409408740000000033e-05
1.712353193595841885e+09 5.600000000000000000e+04 1.410794230000000061e-05
1.712353218097962141e+09 5.700000000000000000e+04 1.410616589999999927e-05
1.712353241989280939e+09 5.800000000000000000e+04 1.408791550000000015e-05
1.712353266277753353e+09 5.900000000000000000e+04 1.408564080000000006e-05
1.712353289983622074e+09 6.000000000000000000e+04 1.408704230000000053e-05
1.712353314081067562e+09 6.100000000000000000e+04 1.410361000000000065e-05
1.712353338588066339e+09 6.200000000000000000e+04 1.410830850000000001e-05
1.712353362672864676e+09 6.300000000000000000e+04 1.408066440000000017e-05
1.712353387162315369e+09 6.400000000000000000e+04 1.407384919999999958e-05
1.712353411072651863e+09 6.500000000000000000e+04 1.407652549999999957e-05
1.712353434900448561e+09 6.600000000000000000e+04 1.408194670000000022e-05
1.712353459037972450e+09 6.700000000000000000e+04 1.407810379999999933e-05
1.712353482925006628e+09 6.800000000000000000e+04 1.406459989999999920e-05
1.712353506814197302e+09 6.900000000000000000e+04 1.406796909999999996e-05
1.712353522737445593e+09 7.000000000000000000e+04 1.402176670000000006e-05
1.712353546825847626e+09 7.100000000000000000e+04 1.406717660000000042e-05
1.712353570918423891e+09 7.200000000000000000e+04 1.406469270000000040e-05
1.712353595014999390e+09 7.300000000000000000e+04 1.405539919999999978e-05
1.712353610954356670e+09 7.400000000000000000e+04 1.404080130000000037e-05
1.712353634935905457e+09 7.500000000000000000e+04 1.405212889999999991e-05
1.712353659023515701e+09 7.600000000000000000e+04 1.405074320000000001e-05
1.712353674947246313e+09 7.700000000000000000e+04 1.401175139999999929e-05
1.712353690870082140e+09 7.800000000000000000e+04 1.399759729999999956e-05
1.712353714916389465e+09 7.900000000000000000e+04 1.403265619999999985e-05
1.712353738858843088e+09 8.000000000000000000e+04 1.404905050000000031e-05
1.712353754779749870e+09 8.100000000000000000e+04 1.399892929999999990e-05
1.712353770693961382e+09 8.200000000000000000e+04 1.402118640000000033e-05
1.712353794683551550e+09 8.300000000000000000e+04 1.402744490000000040e-05
1.712353818778542757e+09 8.400000000000000000e+04 1.405767630000000010e-05
1.712353842902093649e+09 8.500000000000000000e+04 1.404988759999999985e-05
1.712353867112802267e+09 8.600000000000000000e+04 1.404283960000000012e-05
1.712353890825102091e+09 8.700000000000000000e+04 1.403527679999999981e-05
1.712353914918642759e+09 8.800000000000000000e+04 1.402357260000000043e-05
1.712353930836785555e+09 8.900000000000000000e+04 1.401229250000000082e-05
1.712353988009845257e+09 9.000000000000000000e+04 1.401859269999999927e-05
1.712354004439559221e+09 9.000000000000000000e+04 1.403411799999999925e-05
1.712354028534115314e+09 8.900000000000000000e+04 1.403680920000000035e-05
1.712354052816358089e+09 8.800000000000000000e+04 1.407733250000000046e-05
1.712354077223122120e+09 8.700000000000000000e+04 1.404537249999999916e-05
1.712354101111760378e+09 8.600000000000000000e+04 1.409535489999999921e-05
1.712354117234407663e+09 8.500000000000000000e+04 1.414608880000000000e-05
1.712354140219210863e+09 8.400000000000000000e+04 1.408676749999999980e-05
1.712354156139656782e+09 8.300000000000000000e+04 1.412529299999999927e-05
1.712354179983429909e+09 8.200000000000000000e+04 1.408310519999999927e-05
1.712354204146836042e+09 8.100000000000000000e+04 1.410269830000000070e-05
1.712354227236857891e+09 8.000000000000000000e+04 1.409613860000000071e-05
1.712354249729616642e+09 7.900000000000000000e+04 1.410370629999999973e-05
1.712354273007099390e+09 7.800000000000000000e+04 1.409531980000000021e-05
1.712354297038941622e+09 7.700000000000000000e+04 1.412041190000000076e-05
1.712354321124591351e+09 7.600000000000000000e+04 1.411902499999999989e-05
1.712354345228567362e+09 7.500000000000000000e+04 1.414801100000000084e-05
1.712354368731319189e+09 7.400000000000000000e+04 1.415780439999999923e-05
1.712354392857603788e+09 7.300000000000000000e+04 1.414539309999999924e-05
1.712354416741846323e+09 7.200000000000000000e+04 1.414228919999999989e-05
1.712354440858586073e+09 7.100000000000000000e+04 1.416065339999999931e-05
1.712354464540610552e+09 7.000000000000000000e+04 1.414935629999999988e-05
1.712354488699018717e+09 6.900000000000000000e+04 1.417234829999999927e-05
1.712354512752789497e+09 6.800000000000000000e+04 1.416775200000000048e-05
1.712354536840336323e+09 6.700000000000000000e+04 1.416974590000000011e-05
1.712354560958157539e+09 6.600000000000000000e+04 1.418173729999999946e-05
1.712354584434281826e+09 6.500000000000000000e+04 1.416682940000000039e-05
1.712354608726210356e+09 6.400000000000000000e+04 1.418219010000000044e-05
1.712354632842605352e+09 6.300000000000000000e+04 1.419080869999999952e-05
1.712354648765240431e+09 6.200000000000000000e+04 1.424454430000000077e-05
1.712354672783509016e+09 6.100000000000000000e+04 1.421354869999999958e-05
1.712354696069230556e+09 6.000000000000000000e+04 1.423147359999999998e-05
1.712354719945726633e+09 5.900000000000000000e+04 1.422362929999999963e-05
1.712354744047753334e+09 5.800000000000000000e+04 1.423319540000000062e-05
1.712354767327904940e+09 5.700000000000000000e+04 1.424505689999999929e-05
1.712354791458607674e+09 5.600000000000000000e+04 1.424507849999999972e-05
1.712354815271486044e+09 5.500000000000000000e+04 1.424048139999999973e-05
1.712354839161458015e+09 5.400000000000000000e+04 1.423530350000000031e-05
1.712354863267846107e+09 5.300000000000000000e+04 1.423021119999999969e-05
1.712354887144216537e+09 5.200000000000000000e+04 1.423169169999999958e-05
1.712354918609803200e+09 5.100000000000000000e+04 1.424125810000000039e-05
1.712354942640697718e+09 5.000000000000000000e+04 1.423650810000000014e-05
1.712354966721957207e+09 4.900000000000000000e+04 1.424793029999999979e-05
1.712354990766464949e+09 4.800000000000000000e+04 1.424048890000000025e-05
1.712355014848775625e+09 4.700000000000000000e+04 1.426018440000000044e-05
1.712355038949549198e+09 4.600000000000000000e+04 1.423675900000000014e-05
1.712355062842063904e+09 4.500000000000000000e+04 1.424284970000000054e-05
1.712355078759735584e+09 4.400000000000000000e+04 1.430787040000000004e-05
1.712355101151789904e+09 4.300000000000000000e+04 1.424585780000000050e-05
1.712355124437344790e+09 4.200000000000000000e+04 1.427307929999999964e-05
1.712355148334786892e+09 4.100000000000000000e+04 1.426893850000000020e-05
1.712355172443890572e+09 4.000000000000000000e+04 1.427130849999999997e-05
1.712355196531965017e+09 3.900000000000000000e+04 1.429258259999999974e-05
1.712355220243302345e+09 3.800000000000000000e+04 1.428062639999999932e-05
1.712355244129122496e+09 3.700000000000000000e+04 1.428243299999999926e-05
1.712355268008035898e+09 3.600000000000000000e+04 1.427721840000000012e-05
1.712355292113616705e+09 3.500000000000000000e+04 1.428313509999999952e-05
1.712355316200735569e+09 3.400000000000000000e+04 1.429119360000000015e-05
1.712355340504410505e+09 3.300000000000000000e+04 1.429483410000000037e-05
1.712355363600682974e+09 3.200000000000000000e+04 1.428907649999999916e-05
1.712355387582826138e+09 3.100000000000000000e+04 1.431749229999999931e-05
1.712355411483752966e+09 3.000000000000000000e+04 1.431450740000000050e-05
1.712355435568874598e+09 2.900000000000000000e+04 1.433526510000000066e-05
1.712355459880244255e+09 2.800000000000000000e+04 1.432945769999999922e-05
1.712355475794567823e+09 2.700000000000000000e+04 1.435175929999999971e-05
1.712355500186564207e+09 2.600000000000000000e+04 1.433614060000000058e-05
1.712355516112403154e+09 2.500000000000000000e+04 1.437473369999999963e-05
1.712355540721756458e+09 2.400000000000000000e+04 1.435450019999999941e-05
1.712355564800187588e+09 2.300000000000000000e+04 1.434728259999999940e-05
1.712355588776099920e+09 2.200000000000000000e+04 1.435095929999999965e-05
1.712355612594714642e+09 2.100000000000000000e+04 1.436304030000000046e-05
1.712355636401483297e+09 2.000000000000000000e+04 1.437564090000000061e-05
1.712355659821061850e+09 1.900000000000000000e+04 1.438011719999999947e-05
1.712355683785789013e+09 1.800000000000000000e+04 1.439960240000000040e-05
1.712355707597695589e+09 1.700000000000000000e+04 1.439315970000000046e-05
1.712355731688973427e+09 1.600000000000000000e+04 1.440371629999999925e-05
1.712355755366339445e+09 1.500000000000000000e+04 1.439951729999999960e-05
1.712355779057429790e+09 1.400000000000000000e+04 1.441082020000000059e-05
1.712355802407872677e+09 1.300000000000000000e+04 1.441622350000000026e-05
1.712355826496654510e+09 1.200000000000000000e+04 1.442337170000000009e-05
1.712355850186594725e+09 1.100000000000000000e+04 1.443205879999999990e-05
1.712355882553635359e+09 1.000000000000000000e+04 1.444085280000000082e-05
1.712355914460513592e+09 9.000000000000000000e+03 1.443739179999999994e-05
1.712355946533982754e+09 8.000000000000000000e+03 1.441675290000000043e-05
1.712355970619063854e+09 7.000000000000000000e+03 1.439623540000000000e-05
1.712355994449924946e+09 6.000000000000000000e+03 1.438179489999999981e-05
1.712356018328053713e+09 5.000000000000000000e+03 1.437448869999999943e-05
1.712356042219091415e+09 4.000000000000000000e+03 1.438211150000000054e-05
1.712356065292141914e+09 3.000000000000000000e+03 1.439121499999999974e-05
1.712356088792841196e+09 2.000000000000000000e+03 1.439370670000000010e-05
1.712356112269655228e+09 1.000000000000000000e+03 1.440311069999999964e-05
1.712356135759985447e+09 0.000000000000000000e+00 1.441113119999999965e-05
1.712356159038721800e+09 -1.000000000000000000e+03 1.442322139999999995e-05
1.712356182330078363e+09 -2.000000000000000000e+03 1.441170460000000018e-05
1.712356205606640816e+09 -3.000000000000000000e+03 1.440509190000000021e-05
1.712356228774011135e+09 -4.000000000000000000e+03 1.440211910000000082e-05
1.712356252572442532e+09 -5.000000000000000000e+03 1.439633299999999998e-05
1.712356325978007317e+09 -6.000000000000000000e+03 1.441188729999999928e-05
1.712356341903875113e+09 -7.000000000000000000e+03 1.445709319999999994e-05
1.712356365685294151e+09 -8.000000000000000000e+03 1.443632709999999980e-05
1.712356389785616875e+09 -9.000000000000000000e+03 1.446453989999999964e-05
1.712356413865057945e+09 -1.000000000000000000e+04 1.447826109999999986e-05
1.712356437758249760e+09 -1.100000000000000000e+04 1.449206979999999942e-05
1.712356462046587229e+09 -1.200000000000000000e+04 1.449264369999999966e-05
1.712356486215823174e+09 -1.300000000000000000e+04 1.449319089999999917e-05
1.712356502135639668e+09 -1.400000000000000000e+04 1.453977189999999940e-05
1.712356526016323566e+09 -1.500000000000000000e+04 1.449852140000000073e-05
1.712356550108707190e+09 -1.600000000000000000e+04 1.450859180000000021e-05
1.712356574586459875e+09 -1.700000000000000000e+04 1.451178149999999993e-05
1.712356598468875885e+09 -1.800000000000000000e+04 1.451038309999999928e-05
1.712356622371884823e+09 -1.900000000000000000e+04 1.452287989999999983e-05
1.712356646247261763e+09 -2.000000000000000000e+04 1.452481410000000016e-05
1.712356670141823053e+09 -2.100000000000000000e+04 1.452746140000000083e-05
1.712356694637768507e+09 -2.200000000000000000e+04 1.451649129999999920e-05
1.712356718716224909e+09 -2.300000000000000000e+04 1.453314529999999940e-05
1.712356734638472080e+09 -2.400000000000000000e+04 1.455835150000000006e-05
1.712356758658879995e+09 -2.500000000000000000e+04 1.452972800000000076e-05
1.712356782584542751e+09 -2.600000000000000000e+04 1.452269089999999949e-05
1.712356806456848383e+09 -2.700000000000000000e+04 1.450354409999999960e-05
1.712356830588188171e+09 -2.800000000000000000e+04 1.452580789999999934e-05
1.712356854482786417e+09 -2.900000000000000000e+04 1.452382239999999970e-05
1.712356878565099955e+09 -3.000000000000000000e+04 1.452458270000000016e-05
1.712356902367354870e+09 -3.100000000000000000e+04 1.451622059999999937e-05
1.712356926255166292e+09 -3.200000000000000000e+04 1.450502979999999972e-05
1.712356950338699102e+09 -3.300000000000000000e+04 1.449903220000000035e-05
1.712356974034083605e+09 -3.400000000000000000e+04 1.449218399999999948e-05
1.712357006206329107e+09 -3.500000000000000000e+04 1.448893039999999962e-05
1.712357030898836374e+09 -3.600000000000000000e+04 1.449595249999999985e-05
1.712357055000123978e+09 -3.700000000000000000e+04 1.449356409999999940e-05
1.712357079482902050e+09 -3.800000000000000000e+04 1.449076419999999997e-05
1.712357103499037266e+09 -3.900000000000000000e+04 1.447808289999999973e-05
1.712357127285139084e+09 -4.000000000000000000e+04 1.447728700000000056e-05
1.712357151992076635e+09 -4.100000000000000000e+04 1.448686749999999958e-05
1.712357175882716417e+09 -4.200000000000000000e+04 1.448406130000000060e-05
1.712357200383587599e+09 -4.300000000000000000e+04 1.448219559999999930e-05
1.712357225064075470e+09 -4.400000000000000000e+04 1.446778549999999928e-05
1.712357249966533899e+09 -4.500000000000000000e+04 1.448938449999999981e-05
1.712357265881115437e+09 -4.600000000000000000e+04 1.450660090000000046e-05
1.712357281803490877e+09 -4.700000000000000000e+04 1.449332169999999931e-05
1.712357305782993317e+09 -4.800000000000000000e+04 1.447656850000000010e-05
1.712357330462739229e+09 -4.900000000000000000e+04 1.447075929999999975e-05
1.712357346637058258e+09 -5.000000000000000000e+04 1.449659050000000010e-05
1.712357370622634172e+09 -5.100000000000000000e+04 1.445658899999999970e-05
1.712357394709914923e+09 -5.200000000000000000e+04 1.446777460000000082e-05
1.712357418792470455e+09 -5.300000000000000000e+04 1.446507970000000027e-05
1.712357442886423588e+09 -5.400000000000000000e+04 1.447505049999999928e-05
1.712357466972995996e+09 -5.500000000000000000e+04 1.446370750000000064e-05
1.712357491266276121e+09 -5.600000000000000000e+04 1.447066310000000061e-05
1.712357515272211552e+09 -5.700000000000000000e+04 1.447010389999999992e-05
1.712357539954532862e+09 -5.800000000000000000e+04 1.446418589999999961e-05
1.712357563841371536e+09 -5.900000000000000000e+04 1.445607669999999930e-05
1.712357588026197910e+09 -6.000000000000000000e+04 1.445754509999999977e-05
1.712357612030929327e+09 -6.100000000000000000e+04 1.447057329999999928e-05
1.712357636111046314e+09 -6.200000000000000000e+04 1.448835019999999983e-05
1.712357660713752270e+09 -6.300000000000000000e+04 1.446636190000000038e-05
1.712357676632804394e+09 -6.400000000000000000e+04 1.449655880000000073e-05
1.712357692554432869e+09 -6.500000000000000000e+04 1.451050029999999921e-05
1.712357716477392912e+09 -6.600000000000000000e+04 1.446775550000000057e-05
1.712357740580848217e+09 -6.700000000000000000e+04 1.448821429999999940e-05
1.712357765271228313e+09 -6.800000000000000000e+04 1.444022110000000013e-05
1.712357789751509190e+09 -6.900000000000000000e+04 1.446020050000000060e-05
1.712357814282520771e+09 -7.000000000000000000e+04 1.448803859999999944e-05
1.712357838976725578e+09 -7.100000000000000000e+04 1.445896290000000049e-05
1.712357863685857534e+09 -7.200000000000000000e+04 1.446079220000000019e-05
1.712357888367650032e+09 -7.300000000000000000e+04 1.443978709999999959e-05
1.712357913264791250e+09 -7.400000000000000000e+04 1.447898859999999993e-05
1.712357937968977213e+09 -7.500000000000000000e+04 1.448462250000000008e-05
1.712357962654916048e+09 -7.600000000000000000e+04 1.447508780000000033e-05
1.712357987372682095e+09 -7.700000000000000000e+04 1.444692949999999956e-05
1.712358012159220934e+09 -7.800000000000000000e+04 1.448045070000000084e-05
1.712358036671801329e+09 -7.900000000000000000e+04 1.447087850000000016e-05
1.712358061364781380e+09 -8.000000000000000000e+04 1.447693300000000053e-05
1.712358085845503092e+09 -8.100000000000000000e+04 1.446084460000000053e-05
1.712358110542564631e+09 -8.200000000000000000e+04 1.447814910000000016e-05
1.712358135226354599e+09 -8.300000000000000000e+04 1.445225030000000023e-05
1.712358159953051329e+09 -8.400000000000000000e+04 1.447084289999999977e-05
1.712358184634203196e+09 -8.500000000000000000e+04 1.446203639999999967e-05
1.712358200557591200e+09 -8.600000000000000000e+04 1.449304880000000082e-05
1.712358225153746128e+09 -8.700000000000000000e+04 1.447614670000000062e-05
1.712358249657778978e+09 -8.800000000000000000e+04 1.447243569999999919e-05
1.712358274339511633e+09 -8.900000000000000000e+04 1.444622719999999942e-05
1.712358299041861296e+09 -9.000000000000000000e+04 1.447543110000000009e-05
