1.712345259873007536e+09 8.614185359999999977e-04
1.712345261813815832e+09 8.614377700000000124e-04
1.712345263682867765e+09 8.614334520000000274e-04
1.712345265757343292e+09 8.614213859999999938e-04
1.712345267625345945e+09 8.614387629999999477e-04
1.712345269495121717e+09 8.614196750000000001e-04
1.712345271364121675e+09 8.614337290000000048e-04
1.712345273232016563e+09 8.614129489999999877e-04
1.712345275859522104e+09 8.613952619999999715e-04
1.712345277726560593e+09 8.614063200000000213e-04
1.712345279592815876e+09 8.614268939999999942e-04
1.712345281462330103e+09 8.614387539999999836e-04
1.712345283334420204e+09 8.614521230000000149e-04
1.712345285202936411e+09 8.614765650000000361e-04
1.712345287071471691e+09 8.614846599999999993e-04
1.712345288940831900e+09 8.615046149999999519e-04
1.712345290809354782e+09 8.614910719999999654e-04
1.712345292883836269e+09 8.615093770000000059e-04
1.712345294751365662e+09 8.614914840000000539e-04
1.712345296621883154e+09 8.614937120000000417e-04
1.712345298488700390e+09 8.614743920000000454e-04
1.712345300354708433e+09 8.614800120000000319e-04
1.712345302222239017e+09 8.614682559999999522e-04
1.712345304092747927e+09 8.614826430000000358e-04
1.712345305963271379e+09 8.614593870000000460e-04
1.712345307830338717e+09 8.614812509999999601e-04
1.712345309699594736e+09 8.614916659999999771e-04
1.712345311567128420e+09 8.614683690000000428e-04
1.712345313640639782e+09 8.614998230000000179e-04
1.712345315508642912e+09 8.614965229999999767e-04
1.712345317379672766e+09 8.615113929999999734e-04
1.712345319246938467e+09 8.614741919999999772e-04
1.712345321114457130e+09 8.615096680000000357e-04
1.712345322983495235e+09 8.614973439999999488e-04
1.712345324853492737e+09 8.615151770000000321e-04
1.712345326723016024e+09 8.615253349999999919e-04
1.712345328591790438e+09 8.615596770000000281e-04
1.712345330460789919e+09 8.615229120000000244e-04
1.712345332328818321e+09 8.615568010000000275e-04
1.712345334403304100e+09 8.615676290000000206e-04
1.712345336271864891e+09 8.615497879999999692e-04
1.712345338140636444e+09 8.615298469999999606e-04
1.712345340007642269e+09 8.615423180000000023e-04
1.712345341876159906e+09 8.615462889999999643e-04
1.712345343744213104e+09 8.615397400000000035e-04
1.712345345615207434e+09 8.615645769999999643e-04
1.712345347483731747e+09 8.615541090000000506e-04
1.712345349353009701e+09 8.615275540000000157e-04
1.712345351222523689e+09 8.615576150000000275e-04
1.712345353090564013e+09 8.615831420000000501e-04
1.712345355164532661e+09 8.615402919999999663e-04
1.712345357033562899e+09 8.615364250000000224e-04
1.712345358903340101e+09 8.615482669999999753e-04
1.712345360771342754e+09 8.615534269999999568e-04
1.712345362639142513e+09 8.615651840000000325e-04
1.712345364505664825e+09 8.615786420000000334e-04
1.712345366376952410e+09 8.615396979999999545e-04
1.712345368245477676e+09 8.615425860000000156e-04
1.712345370114477634e+09 8.615413479999999751e-04
1.712345371984000444e+09 8.615518159999999972e-04
1.712345373852083206e+09 8.615665180000000147e-04
1.712345375926801682e+09 8.615962709999999561e-04
1.712345377795320034e+09 8.615693539999999583e-04
1.712345379664843559e+09 8.615883040000000236e-04
1.712345381533843517e+09 8.615687269999999700e-04
1.712345383401412249e+09 8.615759459999999641e-04
1.712345385269415140e+09 8.615696040000000435e-04
1.712345387139180899e+09 8.615700690000000286e-04
1.712345389009699106e+09 8.615805879999999554e-04
1.712345390878699303e+09 8.615709449999999978e-04
1.712345392746760607e+09 8.615863119999999601e-04
1.712345394615338802e+09 8.615633269999999717e-04
1.712345396688791752e+09 8.615904500000000138e-04
1.712345398558318138e+09 8.615752379999999742e-04
1.712345400429312944e+09 8.615983499999999972e-04
1.712345402297917604e+09 8.615850049999999784e-04
1.712345404163413525e+09 8.615836120000000152e-04
1.712345406032297611e+09 8.615463830000000224e-04
1.712345407901813030e+09 8.616076750000000329e-04
1.712345409770338058e+09 8.616033439999999915e-04
1.712345411638590574e+09 8.616190190000000242e-04
1.712345413508660316e+09 8.616227320000000413e-04
1.712345415375665665e+09 8.616362099999999623e-04
1.712345417449877739e+09 8.616599290000000536e-04
1.712345419317909002e+09 8.616439959999999676e-04
1.712345421188172340e+09 8.616088210000000074e-04
1.712345423055208683e+09 8.616230519999999553e-04
1.712345424922732115e+09 8.616351179999999889e-04
1.712345426790734768e+09 8.616697689999999830e-04
1.712345428660257578e+09 8.616274890000000068e-04
1.712345430530059338e+09 8.616730200000000030e-04
1.712345432397064686e+09 8.616654400000000420e-04
1.712345434264890194e+09 8.616335739999999785e-04
1.712345436132892847e+09 8.616782030000000011e-04
1.712345438220347166e+09 8.598175120000000390e-04
1.712345440088407278e+09 7.006918249999999869e-04
1.712345441957654715e+09 5.347464890000000037e-04
1.712345443827203751e+09 4.050390269999999964e-04
1.712345445693740129e+09 3.065248469999999983e-04
1.712345447562740326e+09 2.316364389999999969e-04
1.712345449432782412e+09 1.744179789999999986e-04
1.712345451303065777e+09 1.309476870000000112e-04
1.712345453171626091e+09 9.779549620000000136e-05
1.712345455040662766e+09 7.266638839999999965e-05
1.712345456906670809e+09 5.364620650000000260e-05
1.712345458981166363e+09 3.926256569999999794e-05
1.712345460850950956e+09 2.743238600000000017e-05
1.712345462721631050e+09 1.950556650000000010e-05
1.712345464590148687e+09 1.356727189999999982e-05
1.712345466458397627e+09 9.075304309999999920e-06
1.712345468327926636e+09 5.770139330000000188e-06
1.712345470198462248e+09 3.268346190000000169e-06
1.712345472067729712e+09 1.432246039999999959e-06
1.712345473935793877e+09 8.048897619999999602e-08
1.712345475802829742e+09 -9.275363940000000014e-07
1.712345477670832396e+09 -1.677843239999999995e-06
1.712345479745801449e+09 -2.183840179999999805e-06
1.712345481613594532e+09 -2.598001739999999903e-06
1.712345483484112978e+09 -2.828338289999999865e-06
1.712345485353633165e+09 -2.966530119999999881e-06
1.712345487220638752e+09 -3.096677550000000019e-06
1.712345489088171721e+09 -3.103123040000000131e-06
1.712345490958459377e+09 -3.159017969999999916e-06
1.712345492826989651e+09 -3.135350119999999986e-06
1.712345494696029902e+09 -3.118076199999999906e-06
1.712345496565067530e+09 -3.032583170000000132e-06
1.712345498431075335e+09 -3.004274849999999800e-06
1.712345500506562471e+09 -2.904704860000000170e-06
1.712345502376184940e+09 -2.823388500000000149e-06
1.712345504246348619e+09 -2.779816620000000199e-06
1.712345506114387274e+09 -2.713917540000000068e-06
1.712345507980395555e+09 -2.651164230000000181e-06
1.712345509848438025e+09 -2.576448079999999936e-06
1.712345511720221758e+09 -2.512508849999999789e-06
1.712345513589763403e+09 -2.465121590000000091e-06
1.712345515459253788e+09 -2.370553319999999875e-06
1.712345517327256203e+09 -2.301406069999999891e-06
1.712345519194562197e+09 -2.254534089999999966e-06
1.712345521267554760e+09 -2.197813759999999886e-06
1.712345523134306669e+09 -2.109020669999999858e-06
1.712345525004829645e+09 -2.070605709999999880e-06
1.712345526872500896e+09 -2.013421500000000133e-06
1.712345528741501093e+09 -1.917821940000000053e-06
1.712345530610025167e+09 -1.886419500000000066e-06
1.712345532479536295e+09 -1.814900039999999913e-06
1.712345534347892046e+09 -1.796955790000000046e-06
1.712345536214181185e+09 -1.734924380000000033e-06
1.712345538082183599e+09 -1.683721389999999952e-06
1.712345539950700521e+09 -1.649483130000000049e-06
1.712345542025674820e+09 -1.597661370000000020e-06
1.712345543892455101e+09 -1.537640939999999965e-06
1.712345545763973236e+09 -1.499019479999999899e-06
1.712345547632004499e+09 -1.474784360000000068e-06
1.712345549499010086e+09 -1.454055650000000035e-06
1.712345551367046356e+09 -1.428531509999999913e-06
1.712345553237832308e+09 -1.353196779999999987e-06
1.712345555107864857e+09 -1.346132519999999927e-06
1.712345556974900723e+09 -1.315555099999999916e-06
1.712345558843900919e+09 -1.314884769999999918e-06
1.712345560712938547e+09 -1.251357899999999956e-06
1.712345562787189245e+09 -1.231608919999999949e-06
1.712345564653197289e+09 -1.176280809999999916e-06
1.712345566524218798e+09 -1.174476040000000054e-06
1.712345568393218994e+09 -1.154417629999999910e-06
1.712345570262250900e+09 -1.119715099999999984e-06
1.712345572130528212e+09 -1.073565379999999967e-06
1.712345573999562740e+09 -1.043709789999999999e-06
1.712345575870071888e+09 -1.046442680000000079e-06
1.712345577737596750e+09 -1.047628650000000097e-06
1.712345579606596708e+09 -9.996226260000000499e-07
1.712345581475626707e+09 -9.779657199999999476e-07
1.712345583549556971e+09 -9.863190759999999374e-07
1.712345585417559624e+09 -9.540916210000000988e-07
1.712345587287633896e+09 -9.237720070000000469e-07
1.712345589154639244e+09 -9.226375749999999998e-07
1.712345591021159172e+09 -8.839646319999999502e-07
1.712345592889960289e+09 -8.908741980000000173e-07
1.712345594759485245e+09 -8.700940080000000115e-07
1.712345596629004955e+09 -8.591624550000000367e-07
1.712345598497036457e+09 -8.444151709999999928e-07
1.712345600365039349e+09 -8.520466330000000249e-07
1.712345602232322931e+09 -8.203863899999999836e-07
1.712345604306315184e+09 -8.117236490000000203e-07
1.712345606174839020e+09 -7.790321170000000115e-07
1.712345608045884609e+09 -7.705239760000000170e-07
1.712345609914884567e+09 -7.767631130000000446e-07
1.712345611782209635e+09 -7.652643599999999983e-07
1.712345613650777578e+09 -7.501045699999999811e-07
1.712345615520774841e+09 -7.399464029999999801e-07
1.712345617389806271e+09 -7.315930510000000048e-07
