1.712416604542633533e+09 1.077154369999999911e-03
1.712416606483469248e+09 1.077149890000000032e-03
1.712416608351472139e+09 1.077153069999999902e-03
1.712416610424952030e+09 1.077164310000000092e-03
1.712416612292980433e+09 1.077155750000000035e-03
1.712416614162858963e+09 1.077150829999999962e-03
1.712416616550931454e+09 1.077163489999999899e-03
1.712416618426450014e+09 1.077168440000000069e-03
1.712416620294456482e+09 1.077146119999999917e-03
1.712416622163481951e+09 1.077154749999999911e-03
1.712416624236962318e+09 1.077193420000000000e-03
1.712416626103967428e+09 1.077159909999999892e-03
1.712416627973994970e+09 1.077167030000000065e-03
1.712416629842855453e+09 1.077174009999999930e-03
1.712416631707866430e+09 1.077208710000000054e-03
1.712416633575901747e+09 1.077211179999999942e-03
1.712416635445899248e+09 1.077199920000000049e-03
1.712416637314983130e+09 1.077222710000000057e-03
1.712416639182294369e+09 1.077210749999999925e-03
1.712416641052291632e+09 1.077234779999999966e-03
1.712416642919811487e+09 1.077248380000000050e-03
1.712416644994785070e+09 1.077253999999999929e-03
1.712416646862787724e+09 1.077270699999999986e-03
1.712416648731606722e+09 1.077271239999999996e-03
1.712416650600631237e+09 1.077288750000000069e-03
1.712416652465641975e+09 1.077271209999999899e-03
1.712416654333198547e+09 1.077276220000000046e-03
1.712416656205190659e+09 1.077273940000000050e-03
1.712416658074704409e+09 1.077282709999999918e-03
1.712416659941598177e+09 1.077274399999999946e-03
1.712416661809600830e+09 1.077250170000000054e-03
1.712416663677127123e+09 1.077274440000000003e-03
1.712416665751605511e+09 1.077302800000000090e-03
1.712416667618610620e+09 1.077290069999999999e-03
1.712416669488886118e+09 1.077310610000000108e-03
1.712416671356888294e+09 1.077288270000000036e-03
1.712416673225417376e+09 1.077282809999999952e-03
1.712416675093476534e+09 1.077281210000000057e-03
1.712416676964471579e+09 1.077301990000000074e-03
1.712416678835263968e+09 1.077303479999999975e-03
1.712416680700303555e+09 1.077313539999999892e-03
1.712416682569303513e+09 1.077315290000000056e-03
1.712416684438822985e+09 1.077307090000000078e-03
1.712416686511308193e+09 1.077301730000000029e-03
1.712416688379311085e+09 1.077320079999999998e-03
1.712416690250127792e+09 1.077332770000000032e-03
1.712416692117133379e+09 1.077315629999999998e-03
1.712416693985670567e+09 1.077311970000000094e-03
1.712416695852703094e+09 1.077313820000000075e-03
1.712416697722700357e+09 1.077330280000000006e-03
1.712416699591482401e+09 1.077332660000000037e-03
1.712416701459485292e+09 1.077342709999999995e-03
1.712416703328011513e+09 1.077347819999999960e-03
1.712416705194543123e+09 1.077368129999999903e-03
1.712416707267996073e+09 1.077386380000000055e-03
1.712416709135815144e+09 1.077385400000000068e-03
1.712416711006326437e+09 1.077395359999999951e-03
1.712416712874919891e+09 1.077382619999999900e-03
1.712416714741985798e+09 1.077377970000000049e-03
1.712416716608789921e+09 1.077349609999999963e-03
1.712416718480302572e+09 1.077339629999999942e-03
1.712416720348497629e+09 1.077356650000000022e-03
1.712416722215503216e+09 1.077383720000000059e-03
1.712416724084035158e+09 1.077366599999999945e-03
1.712416725953828573e+09 1.077375069999999928e-03
1.712416728027282000e+09 1.077387699999999985e-03
1.712416729895314217e+09 1.077372750000000091e-03
1.712416731766340017e+09 1.077377760000000021e-03
1.712416733633865118e+09 1.077390980000000106e-03
1.712416735501925468e+09 1.077395209999999900e-03
1.712416737371922731e+09 1.077390830000000055e-03
1.712416739242974281e+09 1.077422190000000080e-03
1.712416741111258507e+09 1.077423170000000067e-03
1.712416742978264093e+09 1.077406049999999954e-03
1.712416744848782778e+09 1.077419100000000067e-03
1.712416746715816259e+09 1.077441599999999933e-03
1.712416748789183855e+09 1.077440050000000055e-03
1.712416750655705929e+09 1.077441190000000054e-03
1.712416752527223825e+09 1.077439369999999954e-03
1.712416754395737410e+09 1.077446059999999893e-03
1.712416756262773275e+09 1.077481439999999902e-03
1.712416758131010532e+09 1.077475660000000012e-03
1.712416760002042770e+09 1.077503829999999991e-03
1.712416761872065306e+09 1.077506769999999952e-03
1.712416763738073587e+09 1.077520700000000019e-03
1.712416765606106520e+09 1.077522760000000027e-03
1.712416767475352764e+09 1.077504269999999967e-03
1.712416769549404621e+09 1.077508339999999967e-03
1.712416771417436361e+09 1.077535410000000004e-03
1.712416773288431168e+09 1.077543910000000084e-03
1.712416775155980825e+09 1.077532360000000048e-03
1.712416777023015499e+09 1.077550349999999938e-03
1.712416778890790462e+09 1.077558400000000081e-03
1.712416780761307478e+09 1.077557710000000019e-03
1.712416782644790888e+09 1.074828940000000042e-03
1.712416784512793541e+09 9.030964839999999511e-04
1.712416786380564213e+09 7.010276770000000140e-04
1.712416788247569561e+09 5.411803350000000089e-04
1.712416790322050333e+09 4.185543110000000222e-04
1.712416792188578367e+09 3.153113870000000024e-04
1.712416794057125092e+09 2.445903679999999808e-04
1.712416795925003529e+09 1.898526380000000098e-04
1.712416797790536165e+09 1.476604089999999979e-04
1.712416799658053875e+09 1.150508739999999954e-04
1.712416801529073238e+09 8.987294910000000376e-05
1.712416803400067806e+09 7.045869670000000048e-05
1.712416805266846657e+09 5.545344540000000293e-05
1.712416807141344070e+09 4.383230449999999940e-05
1.712416809007875681e+09 3.487455959999999724e-05
1.712416811082846642e+09 2.792622359999999960e-05
1.712416812950876474e+09 2.200406789999999913e-05
1.712416814821645260e+09 1.787485299999999865e-05
1.712416816689674377e+09 1.463161549999999971e-05
1.712416818556708336e+09 1.211672309999999990e-05
1.712416820425708294e+09 1.010123070000000078e-05
1.712416822297231197e+09 8.495516829999999659e-06
1.712416824168226004e+09 7.189652190000000382e-06
1.712416826035499811e+09 6.177445960000000205e-06
1.712416827904026270e+09 5.302813140000000096e-06
1.712416829772544622e+09 4.614274719999999796e-06
1.712416831847038984e+09 4.052172939999999601e-06
1.712416833716584921e+09 3.519411209999999929e-06
1.712416835588816643e+09 3.093593670000000028e-06
1.712416837457333803e+09 2.733984650000000007e-06
1.712416839323867559e+09 2.451361049999999893e-06
1.712416841192410231e+09 2.209266949999999930e-06
1.712416843061929703e+09 1.992542280000000039e-06
1.712416844932177782e+09 1.765865900000000079e-06
1.712416846800707102e+09 1.624373639999999949e-06
1.712416848669735193e+09 1.446425460000000064e-06
1.712416850538735151e+09 1.306583520000000054e-06
1.712416852614216089e+09 1.176486929999999897e-06
1.712416854481735468e+09 1.045462180000000013e-06
1.712416856351592779e+09 9.694563509999999455e-07
1.712416858220118523e+09 8.630791959999999653e-07
1.712416860086677551e+09 7.647462029999999532e-07
1.712416861955726147e+09 6.865232610000000063e-07
1.712416863830265522e+09 6.225836499999999595e-07
1.712416865700469255e+09 5.507546689999999746e-07
1.712416867566991568e+09 4.862993739999999595e-07
1.712416869435021400e+09 4.132328520000000242e-07
1.712416871303601503e+09 3.670828280000000169e-07
1.712416873379805088e+09 3.351130029999999756e-07
1.712416875250325918e+09 2.715858680000000050e-07
1.712416877126843691e+09 2.240436410000000123e-07
1.712416878995843887e+09 2.018710219999999953e-07
1.712416880863846540e+09 1.551022630000000092e-07
1.712416882732138395e+09 1.144696479999999989e-07
1.712416884607641697e+09 7.378543570000000352e-08
1.712416886477639198e+09 5.996622279999999402e-08
1.712416888345669031e+09 3.418410919999999866e-08
1.712416890214203119e+09 -3.228217979999999857e-08
1.712416892087018967e+09 -2.954929649999999899e-08
1.712416894166995287e+09 -5.167034759999999710e-08
1.712416896036992788e+09 -8.271200909999999438e-08
1.712416897908509731e+09 -7.250230519999999437e-08
1.712416899778047800e+09 -1.139083819999999993e-07
1.712416901645138264e+09 -1.106598370000000039e-07
1.712416903514659882e+09 -1.205086019999999962e-07
1.712416905387649536e+09 -1.508799110000000065e-07
1.712416907258701324e+09 -1.837263200000000096e-07
1.712416909125250340e+09 -1.735681680000000100e-07
1.712416910992494106e+09 -2.001237419999999898e-07
1.712416912862323523e+09 -1.996080999999999886e-07
1.712416914938322067e+09 -2.363217379999999927e-07
1.712416916804813623e+09 -2.321450620000000051e-07
1.712416918676854849e+09 -2.423031550000000023e-07
1.712416920543886423e+09 -2.746853029999999883e-07
1.712416922409894466e+09 -2.473564230000000073e-07
1.712416924277927399e+09 -2.668991499999999749e-07
1.712416926146927595e+09 -2.657131790000000059e-07
1.712416928017192364e+09 -2.720555419999999907e-07
1.712416929884852648e+09 -2.738087149999999855e-07
1.712416931753852844e+09 -2.765931670000000174e-07
1.712416933621892691e+09 -2.897419710000000021e-07
1.712416935696143389e+09 -3.179990019999999949e-07
1.712416937564146280e+09 -3.161427009999999748e-07
1.712416939434682846e+09 -2.950530450000000194e-07
1.712416941303683043e+09 -3.065002240000000168e-07
1.712416943170715809e+09 -3.018594720000000214e-07
1.712416945039511919e+09 -3.295492920000000088e-07
1.712416946909509420e+09 -3.151629529999999895e-07
1.712416948780047894e+09 -3.372323050000000064e-07
1.712416950646576643e+09 -3.245475840000000019e-07
1.712416952513581753e+09 -3.021172840000000025e-07
1.712416954381901979e+09 -3.418730590000000090e-07
1.712416956455355406e+09 -3.288789539999999817e-07
1.712416958323872566e+09 -3.436262320000000038e-07
1.712416960195917845e+09 -3.331587559999999874e-07
1.712416962062923193e+09 -3.450700140000000034e-07
