1.712385763779631615e+09 8.058230899999999650e-04
1.712385765717473269e+09 8.058074150000000407e-04
1.712385767586769819e+09 8.058224039999999956e-04
1.712385769660748720e+09 8.058321499999999754e-04
1.712385771528275490e+09 8.058017790000000097e-04
1.712385773399270058e+09 8.058017059999999761e-04
1.712385775269313097e+09 8.057945669999999876e-04
1.712385777136642933e+09 8.058096750000000091e-04
1.712385779460955381e+09 8.057947220000000188e-04
1.712385781329989433e+09 8.058009110000000086e-04
1.712385783405532122e+09 8.058073040000000506e-04
1.712385785275137186e+09 8.057820899999999700e-04
1.712385787143785000e+09 8.057968199999999840e-04
1.712385789010790348e+09 8.058031449999999724e-04
1.712385790878317356e+09 8.058009789999999537e-04
1.712385792747091055e+09 8.057994839999999643e-04
1.712385794621309280e+09 8.058041560000000526e-04
1.712385796504498243e+09 8.058622679999999762e-04
1.712385798381488323e+09 8.058701579999999996e-04
1.712385800254248381e+09 8.058940830000000267e-04
1.712385802123761415e+09 8.058802700000000348e-04
1.712385804199208736e+09 8.058805269999999837e-04
1.712385806067877531e+09 8.058813010000000351e-04
1.712385807939385653e+09 8.058696469999999815e-04
1.712385809807656765e+09 8.058772330000000270e-04
1.712385811675189257e+09 8.058979610000000350e-04
1.712385813542227268e+09 8.058949190000000472e-04
1.712385815413221836e+09 8.058670399999999902e-04
1.712385817282263756e+09 8.058828700000000541e-04
1.712385819149269342e+09 8.058486830000000491e-04
1.712385821018554211e+09 8.058396590000000033e-04
1.712385822889070749e+09 8.058585440000000030e-04
1.712385824960529327e+09 8.058650929999999638e-04
1.712385826832173347e+09 8.058589049999999700e-04
1.712385828707566500e+09 8.058902270000000388e-04
1.712385830584801435e+09 8.059109660000000029e-04
1.712385832458528757e+09 8.058634240000000191e-04
1.712385834332731485e+09 8.058885879999999743e-04
1.712385836204090357e+09 8.058889510000000417e-04
1.712385838072620392e+09 8.058876099999999791e-04
1.712385839939867735e+09 8.058631170000000532e-04
1.712385841810383797e+09 8.058896209999999666e-04
1.712385843683155537e+09 8.058932960000000272e-04
1.712385845782519579e+09 8.059188719999999624e-04
1.712385847653313637e+09 8.059057230000000278e-04
1.712385849527872801e+09 8.059143949999999623e-04
1.712385851413827181e+09 8.059294179999999981e-04
1.712385853284862280e+09 8.058803290000000159e-04
1.712385855159786940e+09 8.059015220000000090e-04
1.712385857031541824e+09 8.058935029999999590e-04
1.712385858901408911e+09 8.058952560000000017e-04
1.712385860768414259e+09 8.058930909999999790e-04
1.712385862636941195e+09 8.059071159999999911e-04
1.712385864502982855e+09 8.059114609999999766e-04
1.712385866577468634e+09 8.059095530000000111e-04
1.712385868446242332e+09 8.059199180000000112e-04
1.712385870315242529e+09 8.058988300000000321e-04
1.712385872183772564e+09 8.058984709999999487e-04
1.712385874050811529e+09 8.058820739999999821e-04
1.712385875919329882e+09 8.059081140000000148e-04
1.712385877791105032e+09 8.058910970000000319e-04
1.712385879661629677e+09 8.059058439999999780e-04
1.712385881528635025e+09 8.058981609999999948e-04
1.712385883397664785e+09 8.058979040000000460e-04
1.712385885266664505e+09 8.058924220000000501e-04
1.712385887341932774e+09 8.058805619999999522e-04
1.712385889208974361e+09 8.058793760000000292e-04
1.712385891078971863e+09 8.058994300000000199e-04
1.712385892948496580e+09 8.059155190000000246e-04
1.712385894817537069e+09 8.059202120000000290e-04
1.712385896684582710e+09 8.059344429999999769e-04
1.712385898553400278e+09 8.059504380000000320e-04
1.712385900423397541e+09 8.059597200000000227e-04
1.712385902292989016e+09 8.059671969999999616e-04
1.712385904161550045e+09 8.059404349999999950e-04
1.712385906032062769e+09 8.059773530000000378e-04
1.712385908106967449e+09 8.059695660000000365e-04
1.712385909974488020e+09 8.059515190000000493e-04
1.712385911844485521e+09 8.059544540000000310e-04
1.712385913713299274e+09 8.059427920000000094e-04
1.712385915578833342e+09 8.059515580000000019e-04
1.712385917446866035e+09 8.059366560000000247e-04
1.712385919317384720e+09 8.059265169999999890e-04
1.712385921186645746e+09 8.059415219999999883e-04
1.712385923055160999e+09 8.059405940000000101e-04
1.712385924923201084e+09 8.059610129999999519e-04
1.712385926792227745e+09 8.059304329999999539e-04
1.712385928867192984e+09 8.059832349999999533e-04
1.712385930734761238e+09 8.059555450000000084e-04
1.712385932605292797e+09 8.059536940000000321e-04
1.712385934473330021e+09 8.059754109999999914e-04
1.712385936338850975e+09 8.059684500000000506e-04
1.712385938206375122e+09 8.059324579999999939e-04
1.712385940076401711e+09 8.059630300000000238e-04
1.712385941960618019e+09 8.041695290000000322e-04
1.712385943828142881e+09 6.643273729999999572e-04
1.712385945696750641e+09 4.979546120000000447e-04
1.712385947565280914e+09 3.689043850000000104e-04
1.712385949641030073e+09 2.725006090000000160e-04
1.712385951509547472e+09 1.939649189999999887e-04
1.712385953380615234e+09 1.419954960000000086e-04
1.712385955248656273e+09 1.031638789999999992e-04
1.712385957116488695e+09 7.430480410000000308e-05
1.712385958985018253e+09 5.293619719999999811e-05
1.712385960858044147e+09 3.708289550000000136e-05
1.712385962730043411e+09 2.545259409999999940e-05
1.712385964601100683e+09 1.691268869999999996e-05
1.712385966472124338e+09 1.065475609999999961e-05
1.712385968340544224e+09 6.155934359999999921e-06
1.712385970414520741e+09 2.946889459999999993e-06
1.712385972283521175e+09 3.773434470000000261e-07
1.712385974152081966e+09 -1.199637849999999997e-06
1.712385976019679070e+09 -2.299753170000000153e-06
1.712385977885997295e+09 -3.063053159999999864e-06
1.712385979755517960e+09 -3.547083220000000003e-06
1.712385981627072573e+09 -3.865954189999999971e-06
1.712385983497070074e+09 -4.027967879999999757e-06
1.712385985366106987e+09 -4.086183489999999980e-06
1.712385987235909700e+09 -4.103044869999999858e-06
1.712385989106426001e+09 -4.070457240000000141e-06
1.712385991178420067e+09 -3.989708200000000203e-06
1.712385993046422720e+09 -3.890860240000000071e-06
1.712385994917462587e+09 -3.793764699999999849e-06
1.712385996786502600e+09 -3.650261749999999966e-06
1.712385998653769732e+09 -3.545844939999999966e-06
1.712386000522295237e+09 -3.424618300000000103e-06
1.712386002392292976e+09 -3.284880110000000151e-06
1.712386004262375355e+09 -3.183299309999999909e-06
1.712386006129944563e+09 -3.065218079999999832e-06
1.712386007998226643e+09 -2.944971160000000171e-06
1.712386009866750717e+09 -2.849474709999999944e-06
1.712386011940233707e+09 -2.708808520000000211e-06
1.712386013807760954e+09 -2.610476249999999857e-06
1.712386015678272724e+09 -2.495695240000000191e-06
1.712386017546698093e+09 -2.392825510000000197e-06
1.712386019414700747e+09 -2.297741750000000081e-06
1.712386021282230377e+09 -2.216373980000000131e-06
1.712386023153225183e+09 -2.128818169999999900e-06
1.712386025023261786e+09 -2.041726829999999995e-06
1.712386026890808582e+09 -1.963813850000000209e-06
1.712386028760554314e+09 -1.880847609999999970e-06
1.712386030630072832e+09 -1.810772919999999906e-06
1.712386032703555107e+09 -1.739717910000000006e-06
1.712386034572069168e+09 -1.673252079999999953e-06
1.712386036441633701e+09 -1.591935740000000005e-06
1.712386038308950901e+09 -1.520313379999999912e-06
1.712386040177477121e+09 -1.436470550000000034e-06
1.712386042046506643e+09 -1.437450259999999988e-06
1.712386043918498993e+09 -1.341077790000000072e-06
1.712386045788043499e+09 -1.305447149999999965e-06
1.712386047655352592e+09 -1.227121619999999940e-06
1.712386049524352789e+09 -1.184478299999999897e-06
1.712386051393872976e+09 -1.133378209999999967e-06
1.712386053467326164e+09 -1.056702750000000002e-06
1.712386055336851120e+09 -1.007974899999999926e-06
1.712386057208134890e+09 -9.786865720000000430e-07
1.712386059076137781e+09 -9.539874289999999196e-07
1.712386060944651604e+09 -9.149535920000000305e-07
1.712386062812179804e+09 -8.537472990000000275e-07
1.712386064682177067e+09 -8.618941919999999571e-07
1.712386066552017450e+09 -7.903751500000000495e-07
1.712386068421017647e+09 -7.740809779999999548e-07
1.712386070289813280e+09 -7.327783440000000026e-07
1.712386072158338547e+09 -6.737376610000000351e-07
1.712386074232304811e+09 -6.706438309999999492e-07
1.712386076099592447e+09 -6.187190579999999950e-07
1.712386077970103025e+09 -5.994857840000000358e-07
1.712386079838105917e+09 -5.751992519999999491e-07
1.712386081706136227e+09 -5.439515669999999638e-07
1.712386083574180126e+09 -4.910986349999999688e-07
1.712386085444426298e+09 -4.585103100000000071e-07
1.712386087314452410e+09 -4.476303400000000079e-07
1.712386089180460691e+09 -4.318518049999999756e-07
1.712386091049980879e+09 -4.020479050000000008e-07
1.712386092918013334e+09 -3.840521579999999943e-07
1.712386094992228508e+09 -3.538357410000000062e-07
1.712386096860269547e+09 -3.434714070000000129e-07
1.712386098729858398e+09 -3.066032649999999911e-07
1.712386100597860813e+09 -3.095939799999999930e-07
1.712386102464738369e+09 -2.727773810000000136e-07
1.712386104333738565e+09 -2.694257290000000162e-07
1.712386106203220844e+09 -2.275558710000000114e-07
1.712386108073743820e+09 -2.104365960000000105e-07
1.712386109940119267e+09 -2.104365960000000105e-07
1.712386111810629845e+09 -1.734135140000000041e-07
1.712386113677671671e+09 -1.524784680000000009e-07
1.712386115752646685e+09 -1.518081330000000112e-07
1.712386117619941950e+09 -1.352560339999999946e-07
1.712386119490442991e+09 -1.130319029999999948e-07
1.712386121358320236e+09 -1.314403289999999934e-07
