1.719145473068741083e+09 -9.000000000000000000e+04 8.309120649999999936e-06
1.719145497756302118e+09 -8.900000000000000000e+04 8.358661789999999789e-06
1.719145521636750937e+09 -8.800000000000000000e+04 8.328385790000000080e-06
1.719145546132840157e+09 -8.700000000000000000e+04 8.304965560000000536e-06
1.719145570619949818e+09 -8.600000000000000000e+04 8.311363809999999539e-06
1.719145594925781250e+09 -8.500000000000000000e+04 8.295202629999999381e-06
1.719145619536188126e+09 -8.400000000000000000e+04 8.285871919999999514e-06
1.719145643508899689e+09 -8.300000000000000000e+04 8.287065999999999305e-06
1.719145667788238049e+09 -8.200000000000000000e+04 8.267984680000000622e-06
1.719145691875144720e+09 -8.100000000000000000e+04 8.296002210000000035e-06
1.719145715350170612e+09 -8.000000000000000000e+04 8.258698619999999880e-06
1.719145739634207964e+09 -7.900000000000000000e+04 8.247346600000000276e-06
1.719145763724604607e+09 -7.800000000000000000e+04 8.260221239999999249e-06
1.719145779642241001e+09 -7.700000000000000000e+04 8.373427200000000575e-06
1.719145802835919380e+09 -7.600000000000000000e+04 8.270982760000000235e-06
1.719145826922851324e+09 -7.500000000000000000e+04 8.282706690000000676e-06
1.719145850409516096e+09 -7.400000000000000000e+04 8.278680979999999227e-06
1.719145874286692381e+09 -7.300000000000000000e+04 8.249118620000000558e-06
1.719145898469737768e+09 -7.200000000000000000e+04 8.225084520000000842e-06
1.719145923350250244e+09 -7.100000000000000000e+04 8.241096380000000597e-06
1.719145947829345465e+09 -7.000000000000000000e+04 8.259225470000000754e-06
1.719145972714490652e+09 -6.900000000000000000e+04 8.259841030000000068e-06
1.719145996800346136e+09 -6.800000000000000000e+04 8.238068900000000214e-06
1.719146012716768980e+09 -6.700000000000000000e+04 8.277924979999999535e-06
1.719146028633434057e+09 -6.600000000000000000e+04 8.323863539999999499e-06
1.719146052615283012e+09 -6.500000000000000000e+04 8.237554689999999452e-06
1.719146077303807497e+09 -6.400000000000000000e+04 8.255563360000000279e-06
1.719146101583706617e+09 -6.300000000000000000e+04 8.221991510000000131e-06
1.719146125865533113e+09 -6.200000000000000000e+04 8.246527889999999896e-06
1.719146149958570719e+09 -6.100000000000000000e+04 8.228444050000000194e-06
1.719146174047228336e+09 -6.000000000000000000e+04 8.242115250000000301e-06
1.719146198525482416e+09 -5.900000000000000000e+04 8.228128830000000653e-06
1.719146223210657358e+09 -5.800000000000000000e+04 8.210236530000000770e-06
1.719146247768258333e+09 -5.700000000000000000e+04 8.225784030000000811e-06
1.719146272454274416e+09 -5.600000000000000000e+04 8.195963119999999166e-06
1.719146296933177233e+09 -5.500000000000000000e+04 8.213941599999999535e-06
1.719146321615861654e+09 -5.400000000000000000e+04 8.207073379999999313e-06
1.719146345491273880e+09 -5.300000000000000000e+04 8.203343990000000420e-06
1.719146369979327202e+09 -5.200000000000000000e+04 8.216372940000000322e-06
1.719146394539947748e+09 -5.100000000000000000e+04 8.196679769999999900e-06
1.719146418933251381e+09 -5.000000000000000000e+04 8.233244699999999313e-06
1.719146442917918444e+09 -4.900000000000000000e+04 8.210755320000000782e-06
1.719146466796384811e+09 -4.800000000000000000e+04 8.185943019999999617e-06
1.719146482715103388e+09 -4.700000000000000000e+04 8.217074170000000601e-06
1.719146505083699226e+09 -4.600000000000000000e+04 8.204109530000000414e-06
1.719146527546949863e+09 -4.500000000000000000e+04 8.213532640000000036e-06
1.719146550723253012e+09 -4.400000000000000000e+04 8.196002849999999926e-06
1.719146566722238779e+09 -4.300000000000000000e+04 8.189789580000000663e-06
1.719146590552853346e+09 -4.200000000000000000e+04 8.177133070000000767e-06
1.719146614533831835e+09 -4.100000000000000000e+04 8.185253169999999538e-06
1.719146638420255423e+09 -4.000000000000000000e+04 8.173337710000000796e-06
1.719146662710439205e+09 -3.900000000000000000e+04 8.176363880000000450e-06
1.719146686582969189e+09 -3.800000000000000000e+04 8.192818489999999668e-06
1.719146710668812037e+09 -3.700000000000000000e+04 8.170635930000000701e-06
1.719146734139822483e+09 -3.600000000000000000e+04 8.190306209999999616e-06
1.719146758220756531e+09 -3.500000000000000000e+04 8.170828319999999157e-06
1.719146782146509409e+09 -3.400000000000000000e+04 8.165404829999999727e-06
1.719146806425585508e+09 -3.300000000000000000e+04 8.167750820000000710e-06
1.719146830712523699e+09 -3.200000000000000000e+04 8.151421539999999363e-06
1.719146846622678995e+09 -3.100000000000000000e+04 8.176564029999999951e-06
1.719146862540575027e+09 -3.000000000000000000e+04 8.178863859999999507e-06
1.719146886320958138e+09 -2.900000000000000000e+04 8.151913889999999179e-06
1.719146910410042286e+09 -2.800000000000000000e+04 8.150196610000000531e-06
1.719146934289920092e+09 -2.700000000000000000e+04 8.146109169999999833e-06
1.719146958250933409e+09 -2.600000000000000000e+04 8.150344680000000847e-06
1.719146981987667561e+09 -2.500000000000000000e+04 8.145721850000000060e-06
1.719146997910783291e+09 -2.400000000000000000e+04 8.147821359999999710e-06
1.719147020255324602e+09 -2.300000000000000000e+04 8.128895649999999472e-06
1.719147043228671074e+09 -2.200000000000000000e+04 8.122555279999999517e-06
1.719147067507140636e+09 -2.100000000000000000e+04 8.133767119999999262e-06
1.719147083430255413e+09 -2.000000000000000000e+04 8.158655549999999397e-06
1.719147099344796896e+09 -1.900000000000000000e+04 8.158772410000000213e-06
1.719147121711735249e+09 -1.800000000000000000e+04 8.117622519999999532e-06
1.719147144783853769e+09 -1.700000000000000000e+04 8.107938879999999492e-06
1.719147169077930689e+09 -1.600000000000000000e+04 8.103993309999999489e-06
1.719147194170641422e+09 -1.500000000000000000e+04 8.107233269999999841e-06
1.719147218054037333e+09 -1.400000000000000000e+04 8.102406789999999986e-06
1.719147241735173225e+09 -1.300000000000000000e+04 8.100355699999999372e-06
1.719147266223943233e+09 -1.200000000000000000e+04 8.092333239999999884e-06
1.719147289298875332e+09 -1.100000000000000000e+04 8.095385020000000746e-06
1.719147312775248051e+09 -1.000000000000000000e+04 8.084116840000000339e-06
1.719147335744665623e+09 -9.000000000000000000e+03 8.088867810000000509e-06
1.719147359220125437e+09 -8.000000000000000000e+03 8.072448529999999643e-06
1.719147382514873266e+09 -7.000000000000000000e+03 8.057195900000000498e-06
1.719147405989705563e+09 -6.000000000000000000e+03 8.047580059999999915e-06
1.719147429472395658e+09 -5.000000000000000000e+03 8.046657589999999229e-06
1.719147452954345226e+09 -4.000000000000000000e+03 8.045965009999999623e-06
1.719147476239984035e+09 -3.000000000000000000e+03 8.020629170000000485e-06
1.719147499515995502e+09 -2.000000000000000000e+03 7.998699120000000372e-06
1.719147522382546186e+09 -1.000000000000000000e+03 7.976223789999999233e-06
1.719147546068518877e+09 0.000000000000000000e+00 7.931644379999999210e-06
1.719147568844643593e+09 1.000000000000000000e+03 7.876214769999999234e-06
1.719147590512009144e+09 2.000000000000000000e+03 7.870868840000000785e-06
1.719147613986716509e+09 3.000000000000000000e+03 7.870487009999999539e-06
1.719147637282457590e+09 4.000000000000000000e+03 7.863672239999999872e-06
1.719147660561343431e+09 5.000000000000000000e+03 7.862225079999999371e-06
1.719147683838236570e+09 6.000000000000000000e+03 7.852224470000000007e-06
1.719147707106736898e+09 7.000000000000000000e+03 7.858424850000000157e-06
1.719147730395220518e+09 8.000000000000000000e+03 7.851467210000000402e-06
1.719147753868496180e+09 9.000000000000000000e+03 7.840222470000000321e-06
1.719147777153479576e+09 1.000000000000000000e+04 7.825764750000000771e-06
1.719147800441544533e+09 1.100000000000000000e+04 7.831075460000000633e-06
1.719147824343338251e+09 1.200000000000000000e+04 7.819785039999999172e-06
1.719147840259216070e+09 1.300000000000000000e+04 7.780636379999999926e-06
1.719147863934627295e+09 1.400000000000000000e+04 7.798681689999999834e-06
1.719147887810334921e+09 1.500000000000000000e+04 7.789546119999999293e-06
1.719147911792754650e+09 1.600000000000000000e+04 7.779498480000000216e-06
1.719147935672418594e+09 1.700000000000000000e+04 7.776160870000000758e-06
1.719147951586601734e+09 1.800000000000000000e+04 7.793257710000000532e-06
1.719147975467228174e+09 1.900000000000000000e+04 7.760606550000000118e-06
1.719147999446703196e+09 2.000000000000000000e+04 7.765016319999999255e-06
1.719148023330110788e+09 2.100000000000000000e+04 7.758507259999999995e-06
1.719148047405053854e+09 2.200000000000000000e+04 7.746359239999999594e-06
1.719148071285506725e+09 2.300000000000000000e+04 7.734898120000000218e-06
1.719148095113471985e+09 2.400000000000000000e+04 7.755858070000000299e-06
1.719148118805321932e+09 2.500000000000000000e+04 7.725738460000000594e-06
1.719148142578297138e+09 2.600000000000000000e+04 7.731968519999999988e-06
1.719148166667667389e+09 2.700000000000000000e+04 7.706973760000000601e-06
1.719148190542552233e+09 2.800000000000000000e+04 7.713682199999999321e-06
1.719148214618411064e+09 2.900000000000000000e+04 7.721385279999999426e-06
1.719148238490343332e+09 3.000000000000000000e+04 7.711824609999999708e-06
1.719148262581414700e+09 3.100000000000000000e+04 7.700865070000000807e-06
1.719148286454661131e+09 3.200000000000000000e+04 7.694634880000000306e-06
1.719148310543405771e+09 3.300000000000000000e+04 7.688933069999999241e-06
1.719148343042392969e+09 3.400000000000000000e+04 7.680689420000000163e-06
1.719148366730612516e+09 3.500000000000000000e+04 7.680047289999999545e-06
1.719148390466522694e+09 3.600000000000000000e+04 7.660407510000000731e-06
1.719148414340940952e+09 3.700000000000000000e+04 7.662443239999999837e-06
1.719148430261514187e+09 3.800000000000000000e+04 7.665259990000000033e-06
1.719148454041250706e+09 3.900000000000000000e+04 7.655738800000000380e-06
1.719148477930404663e+09 4.000000000000000000e+04 7.646870420000000275e-06
1.719148501608877420e+09 4.100000000000000000e+04 7.643798320000000241e-06
1.719148525320318222e+09 4.200000000000000000e+04 7.634882520000000491e-06
1.719148549205259562e+09 4.300000000000000000e+04 7.635405809999999463e-06
1.719148573392086267e+09 4.400000000000000000e+04 7.610047179999999605e-06
1.719148597277177095e+09 4.500000000000000000e+04 7.615380770000000301e-06
1.719148621158459425e+09 4.600000000000000000e+04 7.623489089999999962e-06
1.719148644838928699e+09 4.700000000000000000e+04 7.618098259999999998e-06
1.719148668515918732e+09 4.800000000000000000e+04 7.607871309999999938e-06
1.719148692291404724e+09 4.900000000000000000e+04 7.604563360000000074e-06
1.719148715566870213e+09 5.000000000000000000e+04 7.608938020000000387e-06
1.719148738842107058e+09 5.100000000000000000e+04 7.595539250000000243e-06
1.719148762116146326e+09 5.200000000000000000e+04 7.611363699999999701e-06
1.719148785186148882e+09 5.300000000000000000e+04 7.585308350000000042e-06
1.719148809155706882e+09 5.400000000000000000e+04 7.568565420000000184e-06
1.719148833242603779e+09 5.500000000000000000e+04 7.591345369999999681e-06
1.719148857136702538e+09 5.600000000000000000e+04 7.568112829999999755e-06
1.719148880739104509e+09 5.700000000000000000e+04 7.564071190000000024e-06
1.719148904440555573e+09 5.800000000000000000e+04 7.556821399999999923e-06
1.719148928113032103e+09 5.900000000000000000e+04 7.553236440000000000e-06
1.719148951283778191e+09 6.000000000000000000e+04 7.548137440000000068e-06
1.719148975172953606e+09 6.100000000000000000e+04 7.549264429999999801e-06
1.719148991094359398e+09 6.200000000000000000e+04 7.560183640000000001e-06
1.719149007009137392e+09 6.300000000000000000e+04 7.548618459999999654e-06
1.719149030180693150e+09 6.400000000000000000e+04 7.518607559999999789e-06
1.719149053869406462e+09 6.500000000000000000e+04 7.507080900000000260e-06
1.719149077116092205e+09 6.600000000000000000e+04 7.507323289999999672e-06
1.719149100403148890e+09 6.700000000000000000e+04 7.522529900000000016e-06
1.719149123687827349e+09 6.800000000000000000e+04 7.501310329999999643e-06
1.719149147570523024e+09 6.900000000000000000e+04 7.501770649999999949e-06
1.719149171563121080e+09 7.000000000000000000e+04 7.495568470000000046e-06
1.719149195448985815e+09 7.100000000000000000e+04 7.505646859999999918e-06
1.719149219325929642e+09 7.200000000000000000e+04 7.484850439999999907e-06
1.719149243459921360e+09 7.300000000000000000e+04 7.492039219999999981e-06
1.719149266541479588e+09 7.400000000000000000e+04 7.500900500000000166e-06
1.719149289622004986e+09 7.500000000000000000e+04 7.482436769999999902e-06
1.719149312700552702e+09 7.600000000000000000e+04 7.472000919999999730e-06
1.719149328625180483e+09 7.700000000000000000e+04 7.516450099999999777e-06
1.719149351872912884e+09 7.800000000000000000e+04 7.479229510000000007e-06
1.719149375147539854e+09 7.900000000000000000e+04 7.441660629999999956e-06
1.719149398420102358e+09 8.000000000000000000e+04 7.464917050000000109e-06
1.719149422298752069e+09 8.100000000000000000e+04 7.457940300000000278e-06
1.719149445574226856e+09 8.200000000000000000e+04 7.447690839999999667e-06
1.719149469487894773e+09 8.300000000000000000e+04 7.443021120000000099e-06
1.719149493166550875e+09 8.400000000000000000e+04 7.475446429999999689e-06
1.719149517090786934e+09 8.500000000000000000e+04 7.431813279999999617e-06
1.719149541170581102e+09 8.600000000000000000e+04 7.422196859999999895e-06
1.719149564997231722e+09 8.700000000000000000e+04 7.450763830000000177e-06
1.719149588881848574e+09 8.800000000000000000e+04 7.405444230000000002e-06
1.719149612767792940e+09 8.900000000000000000e+04 7.438064320000000154e-06
1.719149636441235304e+09 9.000000000000000000e+04 7.394828669999999937e-06
1.719149652683583021e+09 9.000000000000000000e+04 7.430400000000000043e-06
1.719149676393812180e+09 8.900000000000000000e+04 7.444029820000000393e-06
1.719149701078138351e+09 8.800000000000000000e+04 7.435339740000000361e-06
1.719149724754635811e+09 8.700000000000000000e+04 7.441912929999999953e-06
1.719149748232406855e+09 8.600000000000000000e+04 7.431611590000000036e-06
1.719149771263136625e+09 8.500000000000000000e+04 7.438679980000000254e-06
1.719149794747460365e+09 8.400000000000000000e+04 7.470378300000000141e-06
1.719149818836056232e+09 8.300000000000000000e+04 7.455510940000000321e-06
1.719149842718968868e+09 8.200000000000000000e+04 7.461842090000000288e-06
1.719149866802140713e+09 8.100000000000000000e+04 7.463749449999999813e-06
1.719149890683780193e+09 8.000000000000000000e+04 7.485903390000000416e-06
1.719149914841681719e+09 7.900000000000000000e+04 7.485536929999999656e-06
1.719149937311973333e+09 7.800000000000000000e+04 7.469557179999999701e-06
1.719149960389535666e+09 7.700000000000000000e+04 7.476884460000000317e-06
1.719149984472351551e+09 7.600000000000000000e+04 7.491505220000000064e-06
1.719150008363096237e+09 7.500000000000000000e+04 7.538117360000000169e-06
1.719150032437452793e+09 7.400000000000000000e+04 7.512681360000000232e-06
1.719150056330244303e+09 7.300000000000000000e+04 7.540360880000000231e-06
1.719150080414656878e+09 7.200000000000000000e+04 7.541269010000000144e-06
1.719150104508223057e+09 7.100000000000000000e+04 7.546289739999999696e-06
1.719150128588167667e+09 7.000000000000000000e+04 7.543262010000000313e-06
1.719150151463266134e+09 6.900000000000000000e+04 7.566381470000000006e-06
1.719150176145539761e+09 6.800000000000000000e+04 7.555524809999999914e-06
1.719150192067893505e+09 6.700000000000000000e+04 7.594401189999999952e-06
1.719150215849347830e+09 6.600000000000000000e+04 7.587419850000000200e-06
1.719150239928818703e+09 6.500000000000000000e+04 7.555793750000000133e-06
1.719150264416151047e+09 6.400000000000000000e+04 7.590135619999999586e-06
1.719150287489423990e+09 6.300000000000000000e+04 7.585905230000000204e-06
1.719150312074080467e+09 6.200000000000000000e+04 7.618832779999999699e-06
1.719150335667556047e+09 6.100000000000000000e+04 7.619466729999999866e-06
1.719150359646239996e+09 6.000000000000000000e+04 7.619595029999999829e-06
1.719150383437127352e+09 5.900000000000000000e+04 7.631135269999999915e-06
1.719150407416245222e+09 5.800000000000000000e+04 7.600616259999999815e-06
1.719150431294452190e+09 5.700000000000000000e+04 7.623982499999999811e-06
1.719150447216356516e+09 5.600000000000000000e+04 7.631815460000000104e-06
1.719150469588416100e+09 5.500000000000000000e+04 7.638841910000000228e-06
1.719150492059822083e+09 5.400000000000000000e+04 7.655628229999999299e-06
1.719150514940434933e+09 5.300000000000000000e+04 7.660523719999999401e-06
1.719150538831136703e+09 5.200000000000000000e+04 7.661537329999999930e-06
1.719150563119199753e+09 5.100000000000000000e+04 7.671065540000000061e-06
1.719150587005584717e+09 5.000000000000000000e+04 7.667750579999999544e-06
1.719150610087213755e+09 4.900000000000000000e+04 7.676410900000000043e-06
1.719150634794197083e+09 4.800000000000000000e+04 7.675141099999999169e-06
1.719150659062421799e+09 4.700000000000000000e+04 7.692792599999999690e-06
1.719150683247544289e+09 4.600000000000000000e+04 7.702836880000000130e-06
1.719150706530550718e+09 4.500000000000000000e+04 7.692535300000000190e-06
1.719150730369451046e+09 4.400000000000000000e+04 7.723903849999999213e-06
1.719150754648740768e+09 4.300000000000000000e+04 7.737123460000000825e-06
1.719150778528549671e+09 4.200000000000000000e+04 7.754283189999999822e-06
1.719150802413961887e+09 4.100000000000000000e+04 7.743426660000000836e-06
1.719150826749950886e+09 4.000000000000000000e+04 7.746900080000000607e-06
1.719150850629989862e+09 3.900000000000000000e+04 7.768901600000000150e-06
1.719150874705363512e+09 3.800000000000000000e+04 7.776702660000000346e-06
1.719150898378544092e+09 3.700000000000000000e+04 7.776956589999999692e-06
1.719150922660198212e+09 3.600000000000000000e+04 7.781212049999999594e-06
1.719150946518227100e+09 3.500000000000000000e+04 7.804806519999999307e-06
1.719150971007788181e+09 3.400000000000000000e+04 7.805370320000000597e-06
1.719150994496231318e+09 3.300000000000000000e+04 7.807348260000000770e-06
1.719151018385393381e+09 3.200000000000000000e+04 7.810661240000000457e-06
1.719151042054944992e+09 3.100000000000000000e+04 7.849007109999999474e-06
1.719151065939432144e+09 3.000000000000000000e+04 7.864643149999999243e-06
1.719151089117478609e+09 2.900000000000000000e+04 7.868668559999999180e-06
1.719151113197586060e+09 2.800000000000000000e+04 7.875062920000000378e-06
1.719151137217164993e+09 2.700000000000000000e+04 7.869340819999999615e-06
1.719151161105010271e+09 2.600000000000000000e+04 7.884376910000000580e-06
1.719151184069840193e+09 2.500000000000000000e+04 7.900648470000000071e-06
1.719151208150356293e+09 2.400000000000000000e+04 7.915092340000000413e-06
1.719151224069676399e+09 2.300000000000000000e+04 7.895138220000000168e-06
1.719151248058951378e+09 2.200000000000000000e+04 7.928548979999999781e-06
1.719151271134849548e+09 2.100000000000000000e+04 7.944365519999999981e-06
1.719151295207745314e+09 2.000000000000000000e+04 7.950028609999999502e-06
1.719151319295066357e+09 1.900000000000000000e+04 7.950604269999999346e-06
1.719151335216253281e+09 1.800000000000000000e+04 7.944879070000000467e-06
1.719151357706089973e+09 1.700000000000000000e+04 7.969882329999999771e-06
1.719151380948480606e+09 1.600000000000000000e+04 7.978055620000000270e-06
1.719151405029567957e+09 1.500000000000000000e+04 7.998451800000000228e-06
1.719151428699829817e+09 1.400000000000000000e+04 7.996324570000000820e-06
1.719151452597772598e+09 1.300000000000000000e+04 8.005970559999999174e-06
1.719151476284936666e+09 1.200000000000000000e+04 8.014998689999999613e-06
1.719151500297233105e+09 1.100000000000000000e+04 8.037750359999999862e-06
1.719151523571638823e+09 1.000000000000000000e+04 8.036380799999999640e-06
1.719151547052592278e+09 9.000000000000000000e+03 8.046784229999999523e-06
1.719151570559807539e+09 8.000000000000000000e+03 8.049527899999999744e-06
1.719151594123041391e+09 7.000000000000000000e+03 8.066580190000000332e-06
1.719151617194414854e+09 6.000000000000000000e+03 8.064734110000000331e-06
1.719151640386713505e+09 5.000000000000000000e+03 8.081879860000000708e-06
1.719151663855013371e+09 4.000000000000000000e+03 8.077655230000000197e-06
1.719151687326663494e+09 3.000000000000000000e+03 8.085308580000000536e-06
1.719151710610999107e+09 2.000000000000000000e+03 8.092895330000000688e-06
1.719151733485199690e+09 1.000000000000000000e+03 8.108461049999999483e-06
1.719151789918641090e+09 0.000000000000000000e+00 8.156548989999999795e-06
1.719151812696420193e+09 -1.000000000000000000e+03 8.193696199999999771e-06
1.719151834253533840e+09 -2.000000000000000000e+03 8.223579969999999471e-06
1.719151857531726360e+09 -3.000000000000000000e+03 8.242725730000000669e-06
1.719151880810815573e+09 -4.000000000000000000e+03 8.244403450000000656e-06
1.719151904709661245e+09 -5.000000000000000000e+03 8.262079240000000138e-06
1.719151927978323460e+09 -6.000000000000000000e+03 8.273942600000000046e-06
1.719151951861700058e+09 -7.000000000000000000e+03 8.281893690000000045e-06
1.719151967781741142e+09 -8.000000000000000000e+03 8.262107659999999470e-06
1.719151991985342026e+09 -9.000000000000000000e+03 8.313524830000000606e-06
1.719152015670405149e+09 -1.000000000000000000e+04 8.324789929999999158e-06
1.719152039356724262e+09 -1.100000000000000000e+04 8.324478979999999225e-06
1.719152063032186985e+09 -1.200000000000000000e+04 8.329398679999999692e-06
1.719152086813142061e+09 -1.300000000000000000e+04 8.343680319999999175e-06
1.719152110892020941e+09 -1.400000000000000000e+04 8.349873519999999962e-06
1.719152134774962664e+09 -1.500000000000000000e+04 8.359588729999999960e-06
1.719152158655494690e+09 -1.600000000000000000e+04 8.364254869999999671e-06
1.719152182738978863e+09 -1.700000000000000000e+04 8.369463960000000637e-06
1.719152207223313093e+09 -1.800000000000000000e+04 8.373625069999999428e-06
1.719152231159212828e+09 -1.900000000000000000e+04 8.375925020000000266e-06
1.719152263842715025e+09 -2.000000000000000000e+04 8.380364619999999403e-06
1.719152312907653332e+09 -2.100000000000000000e+04 8.391838069999999248e-06
1.719152337287475109e+09 -2.200000000000000000e+04 8.396759060000000795e-06
1.719152361159572363e+09 -2.300000000000000000e+04 8.423752279999999405e-06
1.719152385458538532e+09 -2.400000000000000000e+04 8.407000269999999643e-06
1.719152409951820135e+09 -2.500000000000000000e+04 8.413494290000000250e-06
1.719152434137804031e+09 -2.600000000000000000e+04 8.424375319999999594e-06
1.719152458621846199e+09 -2.700000000000000000e+04 8.417041920000000496e-06
1.719152482497837305e+09 -2.800000000000000000e+04 8.429891430000000001e-06
1.719152506578418732e+09 -2.900000000000000000e+04 8.446143550000000124e-06
1.719152522490698338e+09 -3.000000000000000000e+04 8.442627319999999433e-06
1.719152546575033426e+09 -3.100000000000000000e+04 8.434393099999999197e-06
1.719152570651836395e+09 -3.200000000000000000e+04 8.456000989999999583e-06
1.719152594726650476e+09 -3.300000000000000000e+04 8.450271139999999295e-06
1.719152618765268326e+09 -3.400000000000000000e+04 8.458273700000000712e-06
1.719152642713768721e+09 -3.500000000000000000e+04 8.469383770000000805e-06
1.719152666792082071e+09 -3.600000000000000000e+04 8.480684060000000165e-06
1.719152690674814463e+09 -3.700000000000000000e+04 8.467766310000000453e-06
1.719152714654585361e+09 -3.800000000000000000e+04 8.479219460000000775e-06
1.719152738731387377e+09 -3.900000000000000000e+04 8.485151229999999997e-06
1.719152762808149576e+09 -4.000000000000000000e+04 8.491378060000000168e-06
1.719152786686609983e+09 -4.100000000000000000e+04 8.508926570000000422e-06
1.719152810810220957e+09 -4.200000000000000000e+04 8.522858299999999253e-06
1.719152834688170910e+09 -4.300000000000000000e+04 8.516145030000000588e-06
1.719152858794973373e+09 -4.400000000000000000e+04 8.533068159999999364e-06
1.719152883479258776e+09 -4.500000000000000000e+04 8.538044809999999953e-06
1.719152899390384436e+09 -4.600000000000000000e+04 8.582809140000000769e-06
1.719152924079633236e+09 -4.700000000000000000e+04 8.543937729999999913e-06
1.719152948767259121e+09 -4.800000000000000000e+04 8.544988490000000737e-06
1.719152964688734293e+09 -4.900000000000000000e+04 8.581840910000000108e-06
1.719152989311457634e+09 -5.000000000000000000e+04 8.541286139999999981e-06
1.719153005240371466e+09 -5.100000000000000000e+04 8.602919069999999337e-06
1.719153029931219816e+09 -5.200000000000000000e+04 8.565933890000000341e-06
1.719153054742540598e+09 -5.300000000000000000e+04 8.567292399999999655e-06
1.719153079036392927e+09 -5.400000000000000000e+04 8.578766100000000195e-06
1.719153103541042805e+09 -5.500000000000000000e+04 8.575918589999999379e-06
1.719153128230417252e+09 -5.600000000000000000e+04 8.573265790000000352e-06
1.719153152129901171e+09 -5.700000000000000000e+04 8.596412040000000028e-06
1.719153176412376165e+09 -5.800000000000000000e+04 8.588890449999999921e-06
1.719153200901303053e+09 -5.900000000000000000e+04 8.577577759999999626e-06
1.719153224994983196e+09 -6.000000000000000000e+04 8.612158929999999353e-06
1.719153249180109262e+09 -6.100000000000000000e+04 8.611699240000000698e-06
1.719153273479781151e+09 -6.200000000000000000e+04 8.621237969999999179e-06
1.719153297556262493e+09 -6.300000000000000000e+04 8.615089189999999860e-06
1.719153321627104998e+09 -6.400000000000000000e+04 8.625733340000000510e-06
1.719153345729374886e+09 -6.500000000000000000e+04 8.630809250000000751e-06
1.719153369796968937e+09 -6.600000000000000000e+04 8.603910620000000735e-06
1.719153393895767927e+09 -6.700000000000000000e+04 8.623818579999999553e-06
1.719153417969234228e+09 -6.800000000000000000e+04 8.632703540000000086e-06
1.719153442252306938e+09 -6.900000000000000000e+04 8.621632499999999484e-06
1.719153466941957235e+09 -7.000000000000000000e+04 8.633267890000000195e-06
1.719153491155515194e+09 -7.100000000000000000e+04 8.674679530000000213e-06
1.719153515944368124e+09 -7.200000000000000000e+04 8.655906869999999297e-06
1.719153540034219027e+09 -7.300000000000000000e+04 8.683165430000000314e-06
1.719153564115512609e+09 -7.400000000000000000e+04 8.680742559999999971e-06
1.719153588797154665e+09 -7.500000000000000000e+04 8.680202939999999572e-06
1.719153613479954720e+09 -7.600000000000000000e+04 8.677767750000000278e-06
1.719153637561348915e+09 -7.700000000000000000e+04 8.677171320000000689e-06
1.719153670540235281e+09 -7.800000000000000000e+04 8.679504930000000385e-06
1.719153686459105253e+09 -7.900000000000000000e+04 8.669135990000000042e-06
1.719153711039101124e+09 -8.000000000000000000e+04 8.662795600000000438e-06
1.719153744015545130e+09 -8.100000000000000000e+04 8.684883710000000049e-06
1.719153768225079536e+09 -8.200000000000000000e+04 8.725538639999999281e-06
1.719153792709334850e+09 -8.300000000000000000e+04 8.712395020000000790e-06
1.719153817390862703e+09 -8.400000000000000000e+04 8.696267099999999733e-06
1.719153841976408005e+09 -8.500000000000000000e+04 8.716983399999999642e-06
1.719153866785567522e+09 -8.600000000000000000e+04 8.727537290000000252e-06
1.719153891272450447e+09 -8.700000000000000000e+04 8.720221279999999225e-06
1.719153915557456493e+09 -8.800000000000000000e+04 8.711393660000000440e-06
1.719153940442228317e+09 -8.900000000000000000e+04 8.718315880000000035e-06
1.719153965031586885e+09 -9.000000000000000000e+04 8.750755209999999237e-06
