1.719107671247148514e+09 -9.000000000000000000e+04 5.047467409999999684e-06
1.719107696140648603e+09 -8.900000000000000000e+04 5.054793250000000158e-06
1.719107712054780483e+09 -8.800000000000000000e+04 5.134652289999999668e-06
1.719107736453947306e+09 -8.700000000000000000e+04 5.066746069999999744e-06
1.719107761547504902e+09 -8.600000000000000000e+04 5.081168840000000203e-06
1.719107784839179754e+09 -8.500000000000000000e+04 5.078303249999999870e-06
1.719107808126243353e+09 -8.400000000000000000e+04 5.090311839999999956e-06
1.719107831221597910e+09 -8.300000000000000000e+04 5.067463569999999962e-06
1.719107854910639524e+09 -8.200000000000000000e+04 5.067715910000000105e-06
1.719107879089735508e+09 -8.100000000000000000e+04 5.086710539999999628e-06
1.719107903791192055e+09 -8.000000000000000000e+04 5.040631179999999674e-06
1.719107928894878864e+09 -7.900000000000000000e+04 5.057849720000000034e-06
1.719107953533174992e+09 -7.800000000000000000e+04 5.082672550000000221e-06
1.719107978224149704e+09 -7.700000000000000000e+04 5.064548240000000039e-06
1.719108002098416328e+09 -7.600000000000000000e+04 5.059887149999999801e-06
1.719108026211178780e+09 -7.500000000000000000e+04 5.053548569999999774e-06
1.719108050298467636e+09 -7.400000000000000000e+04 5.073436389999999650e-06
1.719108073975050688e+09 -7.300000000000000000e+04 5.046826829999999819e-06
1.719108098575191736e+09 -7.200000000000000000e+04 5.073000669999999642e-06
1.719108114498946905e+09 -7.100000000000000000e+04 5.129645239999999765e-06
1.719108138886559486e+09 -7.000000000000000000e+04 5.071700710000000324e-06
1.719108162977811098e+09 -6.900000000000000000e+04 5.057544959999999897e-06
1.719108187257993937e+09 -6.800000000000000000e+04 5.072736460000000275e-06
1.719108211136941671e+09 -6.700000000000000000e+04 5.075381970000000174e-06
1.719108234629384756e+09 -6.600000000000000000e+04 5.095169699999999716e-06
1.719108258303561211e+09 -6.500000000000000000e+04 5.083466180000000256e-06
1.719108282403237820e+09 -6.400000000000000000e+04 5.111656319999999642e-06
1.719108305682323694e+09 -6.300000000000000000e+04 5.115331560000000100e-06
1.719108329616411448e+09 -6.200000000000000000e+04 5.107618439999999998e-06
1.719108353542111635e+09 -6.100000000000000000e+04 5.111747819999999944e-06
1.719108377733189821e+09 -6.000000000000000000e+04 5.113733789999999811e-06
1.719108401319954634e+09 -5.900000000000000000e+04 5.110252070000000001e-06
1.719108425630268574e+09 -5.800000000000000000e+04 5.118957279999999649e-06
1.719108449914099932e+09 -5.700000000000000000e+04 5.111651220000000200e-06
1.719108474511882305e+09 -5.600000000000000000e+04 5.112547639999999774e-06
1.719108498290551662e+09 -5.500000000000000000e+04 5.133736379999999909e-06
1.719108522596843004e+09 -5.400000000000000000e+04 5.121965759999999719e-06
1.719108547286978722e+09 -5.300000000000000000e+04 5.153633429999999596e-06
1.719108572186788082e+09 -5.200000000000000000e+04 5.135015359999999778e-06
1.719108596065569162e+09 -5.100000000000000000e+04 5.143105789999999976e-06
1.719108620756843090e+09 -5.000000000000000000e+04 5.144497429999999825e-06
1.719108644592232704e+09 -4.900000000000000000e+04 5.152395990000000065e-06
1.719108669276381731e+09 -4.800000000000000000e+04 5.152267999999999745e-06
1.719108693368899822e+09 -4.700000000000000000e+04 5.151303049999999970e-06
1.719108717486555576e+09 -4.600000000000000000e+04 5.163762940000000253e-06
1.719108740967044592e+09 -4.500000000000000000e+04 5.179096820000000000e-06
1.719108765266704559e+09 -4.400000000000000000e+04 5.183761770000000264e-06
1.719108789345303297e+09 -4.300000000000000000e+04 5.196921589999999922e-06
1.719108813237650871e+09 -4.200000000000000000e+04 5.188145219999999640e-06
1.719108836914470673e+09 -4.100000000000000000e+04 5.199622369999999778e-06
1.719108860684509993e+09 -4.000000000000000000e+04 5.203283940000000412e-06
1.719108884684175730e+09 -3.900000000000000000e+04 5.202426270000000160e-06
1.719108907766483784e+09 -3.800000000000000000e+04 5.195296209999999639e-06
1.719108931861574173e+09 -3.700000000000000000e+04 5.202021469999999658e-06
1.719108955747411728e+09 -3.600000000000000000e+04 5.216200780000000000e-06
1.719108979640853405e+09 -3.500000000000000000e+04 5.196084560000000003e-06
1.719109003312548876e+09 -3.400000000000000000e+04 5.224197549999999683e-06
1.719109027210175991e+09 -3.300000000000000000e+04 5.222432799999999727e-06
1.719109050891578436e+09 -3.200000000000000000e+04 5.225470130000000053e-06
1.719109075387919903e+09 -3.100000000000000000e+04 5.223100739999999738e-06
1.719109099273768187e+09 -3.000000000000000000e+04 5.229916119999999712e-06
1.719109123478694677e+09 -2.900000000000000000e+04 5.222084259999999597e-06
1.719109147462471485e+09 -2.800000000000000000e+04 5.233536169999999657e-06
1.719109171665283680e+09 -2.700000000000000000e+04 5.252175169999999801e-06
1.719109195752699375e+09 -2.600000000000000000e+04 5.247890329999999626e-06
1.719109219424371481e+09 -2.500000000000000000e+04 5.253608490000000072e-06
1.719109243424744606e+09 -2.400000000000000000e+04 5.248907500000000363e-06
1.719109266903272867e+09 -2.300000000000000000e+04 5.245694099999999795e-06
1.719109290883182764e+09 -2.200000000000000000e+04 5.246787239999999769e-06
1.719109314471686602e+09 -2.100000000000000000e+04 5.255022479999999893e-06
1.719109338466482401e+09 -2.000000000000000000e+04 5.262349619999999577e-06
1.719109362162633181e+09 -1.900000000000000000e+04 5.258099350000000078e-06
1.719109386239355803e+09 -1.800000000000000000e+04 5.265647889999999902e-06
1.719109409758725405e+09 -1.700000000000000000e+04 5.271459969999999688e-06
1.719109433436373949e+09 -1.600000000000000000e+04 5.275813169999999659e-06
1.719109457127715826e+09 -1.500000000000000000e+04 5.273918029999999993e-06
1.719109481023274899e+09 -1.400000000000000000e+04 5.276672449999999610e-06
1.719109504499629736e+09 -1.300000000000000000e+04 5.280391049999999809e-06
1.719109528318819761e+09 -1.200000000000000000e+04 5.286742410000000031e-06
1.719109551500022173e+09 -1.100000000000000000e+04 5.279632069999999894e-06
1.719109575244416475e+09 -1.000000000000000000e+04 5.301713359999999753e-06
1.719109598327928543e+09 -9.000000000000000000e+03 5.323737439999999817e-06
1.719109614246448994e+09 -8.000000000000000000e+03 5.330883720000000307e-06
1.719109637536463976e+09 -7.000000000000000000e+03 5.272911929999999813e-06
1.719109661060426712e+09 -6.000000000000000000e+03 5.244143060000000247e-06
1.719109684112908602e+09 -5.000000000000000000e+03 5.241095989999999741e-06
1.719109707397909641e+09 -4.000000000000000000e+03 5.236728589999999929e-06
1.719109730690733194e+09 -3.000000000000000000e+03 5.248136829999999760e-06
1.719109753964642525e+09 -2.000000000000000000e+03 5.257949510000000329e-06
1.719109777258038521e+09 -1.000000000000000000e+03 5.278270849999999856e-06
1.719109801141313314e+09 0.000000000000000000e+00 5.265302389999999788e-06
1.719109824214810610e+09 1.000000000000000000e+03 5.281537360000000168e-06
1.719109845897474766e+09 2.000000000000000000e+03 5.276718099999999822e-06
1.719109869373010397e+09 3.000000000000000000e+03 5.263588880000000204e-06
1.719109892969485283e+09 4.000000000000000000e+03 5.252374650000000048e-06
1.719109916442625046e+09 5.000000000000000000e+03 5.240776530000000067e-06
1.719109972891307116e+09 6.000000000000000000e+03 5.254193519999999812e-06
1.719109988804977894e+09 7.000000000000000000e+03 5.291535829999999816e-06
1.719110011795986414e+09 8.000000000000000000e+03 5.318192679999999879e-06
1.719110035069300413e+09 9.000000000000000000e+03 5.321216160000000151e-06
1.719110058554781914e+09 1.000000000000000000e+04 5.304641350000000284e-06
1.719110081849135637e+09 1.100000000000000000e+04 5.301768220000000128e-06
1.719110105740950584e+09 1.200000000000000000e+04 5.288722760000000264e-06
1.719110121660490990e+09 1.300000000000000000e+04 5.290503119999999882e-06
1.719110145454230070e+09 1.400000000000000000e+04 5.287484390000000112e-06
1.719110169536741495e+09 1.500000000000000000e+04 5.281254769999999773e-06
1.719110193646411657e+09 1.600000000000000000e+04 5.282734579999999915e-06
1.719110217727077007e+09 1.700000000000000000e+04 5.266924540000000001e-06
1.719110241807862997e+09 1.800000000000000000e+04 5.280693689999999879e-06
1.719110265896760941e+09 1.900000000000000000e+04 5.281854810000000386e-06
1.719110289980789185e+09 2.000000000000000000e+04 5.284386210000000340e-06
1.719110314086813211e+09 2.100000000000000000e+04 5.281148880000000422e-06
1.719110330059108019e+09 2.200000000000000000e+04 5.294029740000000359e-06
1.719110353902345896e+09 2.300000000000000000e+04 5.290789879999999946e-06
1.719110378201064110e+09 2.400000000000000000e+04 5.287041349999999808e-06
1.719110402197781563e+09 2.500000000000000000e+04 5.283816160000000306e-06
1.719110425877230883e+09 2.600000000000000000e+04 5.297606490000000358e-06
1.719110449574042082e+09 2.700000000000000000e+04 5.277165680000000077e-06
1.719110473552232265e+09 2.800000000000000000e+04 5.288714800000000188e-06
1.719110497640405178e+09 2.900000000000000000e+04 5.278875490000000215e-06
1.719110521720891237e+09 3.000000000000000000e+04 5.278655799999999714e-06
1.719110545591472149e+09 3.100000000000000000e+04 5.276459129999999981e-06
1.719110569485287189e+09 3.200000000000000000e+04 5.273864649999999905e-06
1.719110593371763229e+09 3.300000000000000000e+04 5.272009480000000176e-06
1.719110625552687645e+09 3.400000000000000000e+04 5.270854669999999899e-06
1.719110665907068253e+09 3.500000000000000000e+04 5.270934680000000238e-06
1.719110706274300575e+09 3.600000000000000000e+04 5.275597660000000344e-06
1.719110730054904222e+09 3.700000000000000000e+04 5.280790919999999579e-06
1.719110753949023724e+09 3.800000000000000000e+04 5.289438069999999949e-06
1.719110778643064499e+09 3.900000000000000000e+04 5.284874289999999701e-06
1.719110802531619310e+09 4.000000000000000000e+04 5.281481679999999783e-06
1.719110826619220495e+09 4.100000000000000000e+04 5.270606410000000157e-06
1.719110850515594482e+09 4.200000000000000000e+04 5.293077229999999971e-06
1.719110874417038441e+09 4.300000000000000000e+04 5.307236420000000171e-06
1.719110890331797361e+09 4.400000000000000000e+04 5.267701139999999881e-06
1.719110914317412138e+09 4.500000000000000000e+04 5.288157440000000236e-06
1.719110938410471916e+09 4.600000000000000000e+04 5.303617870000000162e-06
1.719110962282789946e+09 4.700000000000000000e+04 5.295010230000000177e-06
1.719110986185119152e+09 4.800000000000000000e+04 5.259623130000000267e-06
1.719111010069655657e+09 4.900000000000000000e+04 5.275591680000000251e-06
1.719111033969355106e+09 5.000000000000000000e+04 5.275796430000000344e-06
1.719111049882371187e+09 5.100000000000000000e+04 5.306617109999999748e-06
1.719111074089372873e+09 5.200000000000000000e+04 5.281973249999999734e-06
1.719111097789176941e+09 5.300000000000000000e+04 5.269785289999999717e-06
1.719111121659446001e+09 5.400000000000000000e+04 5.287460820000000374e-06
1.719111145538953066e+09 5.500000000000000000e+04 5.279529939999999783e-06
1.719111169633036852e+09 5.600000000000000000e+04 5.307571260000000156e-06
1.719111193400435209e+09 5.700000000000000000e+04 5.278876179999999965e-06
1.719111217199059963e+09 5.800000000000000000e+04 5.291716359999999719e-06
1.719111240969815016e+09 5.900000000000000000e+04 5.273338080000000046e-06
1.719111256884413719e+09 6.000000000000000000e+04 5.285429659999999846e-06
1.719111280889906645e+09 6.100000000000000000e+04 5.305790229999999590e-06
1.719111304965172768e+09 6.200000000000000000e+04 5.296911499999999845e-06
1.719111329056471825e+09 6.300000000000000000e+04 5.282113340000000325e-06
1.719111352926920176e+09 6.400000000000000000e+04 5.307452610000000259e-06
1.719111376800326824e+09 6.500000000000000000e+04 5.304488730000000192e-06
1.719111400288186789e+09 6.600000000000000000e+04 5.260726919999999698e-06
1.719111424463804007e+09 6.700000000000000000e+04 5.278029670000000385e-06
1.719111448554138184e+09 6.800000000000000000e+04 5.301081970000000402e-06
1.719111472443350077e+09 6.900000000000000000e+04 5.280242479999999797e-06
1.719111496321326733e+09 7.000000000000000000e+04 5.287672609999999747e-06
1.719111520215655565e+09 7.100000000000000000e+04 5.309102440000000083e-06
1.719111544295431852e+09 7.200000000000000000e+04 5.282494850000000410e-06
1.719111560210376263e+09 7.300000000000000000e+04 5.293647329999999974e-06
1.719111584215875626e+09 7.400000000000000000e+04 5.283914509999999834e-06
1.719111608298034191e+09 7.500000000000000000e+04 5.275918859999999978e-06
1.719111632197141409e+09 7.600000000000000000e+04 5.284151880000000095e-06
1.719111656078338146e+09 7.700000000000000000e+04 5.308072269999999622e-06
1.719111680168424129e+09 7.800000000000000000e+04 5.265361490000000297e-06
1.719111704066641569e+09 7.900000000000000000e+04 5.336705859999999740e-06
1.719111728153628826e+09 8.000000000000000000e+04 5.281565139999999719e-06
1.719111751843260765e+09 8.100000000000000000e+04 5.314244440000000144e-06
1.719111775940352917e+09 8.200000000000000000e+04 5.285022630000000361e-06
1.719111799822364569e+09 8.300000000000000000e+04 5.311247319999999778e-06
1.719111823715325594e+09 8.400000000000000000e+04 5.297772870000000390e-06
1.719111847821372747e+09 8.500000000000000000e+04 5.285108450000000388e-06
1.719111871708031178e+09 8.600000000000000000e+04 5.306300959999999587e-06
1.719111887625616074e+09 8.700000000000000000e+04 5.327814729999999907e-06
1.719111911671134710e+09 8.800000000000000000e+04 5.319533249999999761e-06
1.719111935559071302e+09 8.900000000000000000e+04 5.300707080000000190e-06
1.719111951474706650e+09 9.000000000000000000e+04 5.298082040000000219e-06
1.719111967793129444e+09 9.000000000000000000e+04 5.310801259999999954e-06
1.719111991697878122e+09 8.900000000000000000e+04 5.304619100000000252e-06
1.719112015522073507e+09 8.800000000000000000e+04 5.289262410000000136e-06
1.719112039618763447e+09 8.700000000000000000e+04 5.306624259999999638e-06
1.719112063304490328e+09 8.600000000000000000e+04 5.294187899999999795e-06
1.719112079221183300e+09 8.500000000000000000e+04 5.274651550000000302e-06
1.719112101691595554e+09 8.400000000000000000e+04 5.308932699999999722e-06
1.719112124569014311e+09 8.300000000000000000e+04 5.306017169999999920e-06
1.719112140483813524e+09 8.200000000000000000e+04 5.321816119999999628e-06
1.719112164158252478e+09 8.100000000000000000e+04 5.318124089999999886e-06
1.719112188048814774e+09 8.000000000000000000e+04 5.330473179999999736e-06
1.719112211524686337e+09 7.900000000000000000e+04 5.294389219999999940e-06
1.719112235637460470e+09 7.800000000000000000e+04 5.312860409999999736e-06
1.719112258306736469e+09 7.700000000000000000e+04 5.326999539999999591e-06
1.719112280672235727e+09 7.600000000000000000e+04 5.332855990000000028e-06
1.719112303754348755e+09 7.500000000000000000e+04 5.322056760000000104e-06
1.719112327829310656e+09 7.400000000000000000e+04 5.341263830000000300e-06
1.719112352328727007e+09 7.300000000000000000e+04 5.308531070000000344e-06
1.719112376609850168e+09 7.200000000000000000e+04 5.321010970000000156e-06
1.719112400087691784e+09 7.100000000000000000e+04 5.374668609999999820e-06
1.719112424189060688e+09 7.000000000000000000e+04 5.331072479999999783e-06
1.719112448273231030e+09 6.900000000000000000e+04 5.364423400000000014e-06
1.719112472371925354e+09 6.800000000000000000e+04 5.350321219999999729e-06
1.719112496253641129e+09 6.700000000000000000e+04 5.341724800000000211e-06
1.719112520132319927e+09 6.600000000000000000e+04 5.322848779999999592e-06
1.719112536054485321e+09 6.500000000000000000e+04 5.322945420000000329e-06
1.719112560046052456e+09 6.400000000000000000e+04 5.343999999999999995e-06
1.719112584125950813e+09 6.300000000000000000e+04 5.336073220000000302e-06
1.719112608303322077e+09 6.200000000000000000e+04 5.351698780000000172e-06
1.719112631888103724e+09 6.100000000000000000e+04 5.337247759999999939e-06
1.719112655877041340e+09 6.000000000000000000e+04 5.352049269999999964e-06
1.719112679557324171e+09 5.900000000000000000e+04 5.339483070000000077e-06
1.719112703634315014e+09 5.800000000000000000e+04 5.344707750000000209e-06
1.719112727417307377e+09 5.700000000000000000e+04 5.341549859999999621e-06
1.719112751502324343e+09 5.600000000000000000e+04 5.353270840000000160e-06
1.719112774993736029e+09 5.500000000000000000e+04 5.345988660000000091e-06
1.719112799268936157e+09 5.400000000000000000e+04 5.349188280000000223e-06
1.719112823357086420e+09 5.300000000000000000e+04 5.366945370000000277e-06
1.719112847449331045e+09 5.200000000000000000e+04 5.346529859999999868e-06
1.719112870526032925e+09 5.100000000000000000e+04 5.370816890000000385e-06
1.719112894623964310e+09 5.000000000000000000e+04 5.366812190000000399e-06
1.719112918651590586e+09 4.900000000000000000e+04 5.373440440000000246e-06
1.719112942558073282e+09 4.800000000000000000e+04 5.364102880000000306e-06
1.719112966457348108e+09 4.700000000000000000e+04 5.362123699999999871e-06
1.719112990340394258e+09 4.600000000000000000e+04 5.376911250000000078e-06
1.719113013934147835e+09 4.500000000000000000e+04 5.390235060000000203e-06
1.719113029848155975e+09 4.400000000000000000e+04 5.311181669999999861e-06
1.719113053639862537e+09 4.300000000000000000e+04 5.358868319999999910e-06
1.719113069554463387e+09 4.200000000000000000e+04 5.356785209999999611e-06
1.719113091971759558e+09 4.100000000000000000e+04 5.377453290000000361e-06
1.719113115248273611e+09 4.000000000000000000e+04 5.369790819999999973e-06
1.719113139143274307e+09 3.900000000000000000e+04 5.365675080000000379e-06
1.719113163019350290e+09 3.800000000000000000e+04 5.384709049999999883e-06
1.719113187001734734e+09 3.700000000000000000e+04 5.381513070000000249e-06
1.719113210803019285e+09 3.600000000000000000e+04 5.375433229999999864e-06
1.719113234678060055e+09 3.500000000000000000e+04 5.388963589999999836e-06
1.719113258374535084e+09 3.400000000000000000e+04 5.374459179999999690e-06
1.719113283056632996e+09 3.300000000000000000e+04 5.375387619999999798e-06
1.719113307138496876e+09 3.200000000000000000e+04 5.397885449999999969e-06
1.719113331074005842e+09 3.100000000000000000e+04 5.386535679999999845e-06
1.719113356358675003e+09 3.000000000000000000e+04 5.395602359999999727e-06
1.719113372284402847e+09 2.900000000000000000e+04 5.375044740000000294e-06
1.719113396867264271e+09 2.800000000000000000e+04 5.406359420000000205e-06
1.719113421050108433e+09 2.700000000000000000e+04 5.400827279999999883e-06
1.719113445447955132e+09 2.600000000000000000e+04 5.411207030000000264e-06
1.719113468993784666e+09 2.500000000000000000e+04 5.401243499999999882e-06
1.719113493089197159e+09 2.400000000000000000e+04 5.414645169999999959e-06
1.719113516769630671e+09 2.300000000000000000e+04 5.414317829999999651e-06
1.719113540806706190e+09 2.200000000000000000e+04 5.399645579999999684e-06
1.719113564706797838e+09 2.100000000000000000e+04 5.410614649999999908e-06
1.719113588856571913e+09 2.000000000000000000e+04 5.408298220000000275e-06
1.719113612542608976e+09 1.900000000000000000e+04 5.403347719999999889e-06
1.719113636515962601e+09 1.800000000000000000e+04 5.413475579999999854e-06
1.719113660394675255e+09 1.700000000000000000e+04 5.419612499999999773e-06
1.719113684490126133e+09 1.600000000000000000e+04 5.419467970000000017e-06
1.719113707562380552e+09 1.500000000000000000e+04 5.420138339999999736e-06
1.719113731652130842e+09 1.400000000000000000e+04 5.421984790000000021e-06
1.719113755472865105e+09 1.300000000000000000e+04 5.419817069999999637e-06
1.719113779152836084e+09 1.200000000000000000e+04 5.427408309999999771e-06
1.719113802843867302e+09 1.100000000000000000e+04 5.424982229999999854e-06
1.719113826729198933e+09 1.000000000000000000e+04 5.441744459999999842e-06
1.719113866842236757e+09 9.000000000000000000e+03 5.478561540000000190e-06
1.719113890823014975e+09 8.000000000000000000e+03 5.472841789999999693e-06
1.719113913858375788e+09 7.000000000000000000e+03 5.438825379999999657e-06
1.719113937734385490e+09 6.000000000000000000e+03 5.397670690000000199e-06
1.719113961209520817e+09 5.000000000000000000e+03 5.397482799999999855e-06
1.719113984522511721e+09 4.000000000000000000e+03 5.396502329999999686e-06
1.719114008196412325e+09 3.000000000000000000e+03 5.407733749999999731e-06
1.719114031477185488e+09 2.000000000000000000e+03 5.438265180000000414e-06
1.719114054462020874e+09 1.000000000000000000e+03 5.447519090000000364e-06
1.719114077947337627e+09 0.000000000000000000e+00 5.439388139999999716e-06
1.719114101238091469e+09 -1.000000000000000000e+03 5.438316369999999970e-06
1.719114124513790131e+09 -2.000000000000000000e+03 5.423104009999999732e-06
1.719114148416181564e+09 -3.000000000000000000e+03 5.410336379999999937e-06
1.719114172213832617e+09 -4.000000000000000000e+03 5.405096910000000153e-06
1.719114195896791697e+09 -5.000000000000000000e+03 5.407598979999999803e-06
1.719114219795762777e+09 -6.000000000000000000e+03 5.423412600000000422e-06
1.719114243679701090e+09 -7.000000000000000000e+03 5.446728790000000338e-06
1.719114267761970520e+09 -8.000000000000000000e+03 5.477386029999999787e-06
1.719114291661496878e+09 -9.000000000000000000e+03 5.494562130000000356e-06
1.719114348899214029e+09 -1.000000000000000000e+04 5.472130040000000216e-06
1.719114372781103134e+09 -1.100000000000000000e+04 5.453649590000000287e-06
1.719114388701759815e+09 -1.200000000000000000e+04 5.453744060000000140e-06
1.719114412479156256e+09 -1.300000000000000000e+04 5.457558290000000164e-06
1.719114436560476780e+09 -1.400000000000000000e+04 5.464385799999999882e-06
1.719114460454210758e+09 -1.500000000000000000e+04 5.463643990000000206e-06
1.719114485244563818e+09 -1.600000000000000000e+04 5.468509589999999667e-06
1.719114518030963659e+09 -1.700000000000000000e+04 5.464091229999999652e-06
1.719114541816785812e+09 -1.800000000000000000e+04 5.468478190000000113e-06
1.719114565578744411e+09 -1.900000000000000000e+04 5.455615269999999609e-06
1.719114589673976421e+09 -2.000000000000000000e+04 5.450503170000000014e-06
1.719114613752512455e+09 -2.100000000000000000e+04 5.440850950000000024e-06
1.719114637850194693e+09 -2.200000000000000000e+04 5.449337249999999882e-06
1.719114661932400465e+09 -2.300000000000000000e+04 5.457306209999999694e-06
1.719114686026880503e+09 -2.400000000000000000e+04 5.450354980000000110e-06
1.719114710115711927e+09 -2.500000000000000000e+04 5.463710600000000218e-06
1.719114734197432756e+09 -2.600000000000000000e+04 5.446364159999999652e-06
1.719114758290253639e+09 -2.700000000000000000e+04 5.450478540000000243e-06
1.719114782583986998e+09 -2.800000000000000000e+04 5.455737690000000265e-06
1.719114806657898903e+09 -2.900000000000000000e+04 5.453531540000000025e-06
1.719114830745954752e+09 -3.000000000000000000e+04 5.438679540000000019e-06
1.719114854819363832e+09 -3.100000000000000000e+04 5.438772949999999838e-06
1.719114878910464048e+09 -3.200000000000000000e+04 5.430813659999999740e-06
1.719114903401943207e+09 -3.300000000000000000e+04 5.435627750000000179e-06
1.719114927389297009e+09 -3.400000000000000000e+04 5.432127759999999952e-06
1.719114951592330933e+09 -3.500000000000000000e+04 5.428838040000000361e-06
1.719114975971410275e+09 -3.600000000000000000e+04 5.436886600000000083e-06
1.719114999871796370e+09 -3.700000000000000000e+04 5.413215430000000392e-06
1.719115023756196022e+09 -3.800000000000000000e+04 5.445290369999999778e-06
1.719115048425548792e+09 -3.900000000000000000e+04 5.434719190000000188e-06
1.719115073117835760e+09 -4.000000000000000000e+04 5.424366300000000256e-06
1.719115097206055403e+09 -4.100000000000000000e+04 5.415572480000000414e-06
1.719115121867447138e+09 -4.200000000000000000e+04 5.430420229999999614e-06
1.719115146564918041e+09 -4.300000000000000000e+04 5.430899020000000216e-06
1.719115171047058582e+09 -4.400000000000000000e+04 5.435489980000000380e-06
1.719115195547363758e+09 -4.500000000000000000e+04 5.432632859999999643e-06
1.719115220029957056e+09 -4.600000000000000000e+04 5.425243100000000234e-06
1.719115243924139738e+09 -4.700000000000000000e+04 5.427960119999999708e-06
1.719115268209543705e+09 -4.800000000000000000e+04 5.413080059999999982e-06
1.719115292198815584e+09 -4.900000000000000000e+04 5.426073080000000203e-06
1.719115316279895306e+09 -5.000000000000000000e+04 5.426464160000000063e-06
1.719115340358073950e+09 -5.100000000000000000e+04 5.437005390000000065e-06
1.719115364457536697e+09 -5.200000000000000000e+04 5.406563250000000349e-06
1.719115389140090227e+09 -5.300000000000000000e+04 5.421748519999999939e-06
1.719115413550439119e+09 -5.400000000000000000e+04 5.417110270000000390e-06
1.719115437743153334e+09 -5.500000000000000000e+04 5.425094870000000185e-06
1.719115461986678839e+09 -5.600000000000000000e+04 5.415364679999999633e-06
1.719115486309486151e+09 -5.700000000000000000e+04 5.414620820000000356e-06
1.719115510513962984e+09 -5.800000000000000000e+04 5.400537710000000002e-06
1.719115535214291096e+09 -5.900000000000000000e+04 5.399696560000000384e-06
1.719115576397274971e+09 -6.000000000000000000e+04 5.402116439999999834e-06
1.719115601099313259e+09 -6.100000000000000000e+04 5.410884250000000404e-06
1.719115625303768158e+09 -6.200000000000000000e+04 5.416599579999999691e-06
1.719115658382638931e+09 -6.300000000000000000e+04 5.400510620000000201e-06
1.719115682568656445e+09 -6.400000000000000000e+04 5.426815579999999628e-06
1.719115706649492025e+09 -6.500000000000000000e+04 5.404858569999999973e-06
1.719115730912230730e+09 -6.600000000000000000e+04 5.410484769999999720e-06
1.719115755197028875e+09 -6.700000000000000000e+04 5.408346079999999822e-06
1.719115779697853804e+09 -6.800000000000000000e+04 5.393539620000000264e-06
1.719115803792741537e+09 -6.900000000000000000e+04 5.399475869999999643e-06
1.719115828375304937e+09 -7.000000000000000000e+04 5.414434239999999894e-06
1.719115852469105482e+09 -7.100000000000000000e+04 5.399573129999999664e-06
1.719115877167308331e+09 -7.200000000000000000e+04 5.407266540000000054e-06
1.719115901664651155e+09 -7.300000000000000000e+04 5.405218899999999885e-06
1.719115926178590775e+09 -7.400000000000000000e+04 5.399118800000000122e-06
1.719115950927552462e+09 -7.500000000000000000e+04 5.408147019999999828e-06
1.719115975534692526e+09 -7.600000000000000000e+04 5.400741809999999643e-06
1.719116008704970598e+09 -7.700000000000000000e+04 5.394952759999999753e-06
1.719116033429302216e+09 -7.800000000000000000e+04 5.428959880000000183e-06
1.719116058315315008e+09 -7.900000000000000000e+04 5.411145169999999907e-06
1.719116074236924887e+09 -8.000000000000000000e+04 5.379514629999999828e-06
1.719116099027074337e+09 -8.100000000000000000e+04 5.409295569999999843e-06
1.719116123116489172e+09 -8.200000000000000000e+04 5.451162529999999817e-06
1.719116147822234154e+09 -8.300000000000000000e+04 5.436137109999999653e-06
1.719116172510659933e+09 -8.400000000000000000e+04 5.442576200000000266e-06
1.719116197215147018e+09 -8.500000000000000000e+04 5.414803399999999860e-06
1.719116221904474974e+09 -8.600000000000000000e+04 5.432654949999999942e-06
1.719116246793016434e+09 -8.700000000000000000e+04 5.406826839999999584e-06
1.719116271489074230e+09 -8.800000000000000000e+04 5.396116759999999697e-06
1.719116296180980444e+09 -8.900000000000000000e+04 5.404212250000000039e-06
1.719116320878960609e+09 -9.000000000000000000e+04 5.422862790000000116e-06
