1.718868113980377197e+09 -9.000000000000000000e+04 -1.473108509999999918e-05
1.718868138868685722e+09 -8.900000000000000000e+04 -1.475511319999999916e-05
1.718868163148677588e+09 -8.800000000000000000e+04 -1.478714669999999984e-05
1.718868187629408598e+09 -8.700000000000000000e+04 -1.477551190000000063e-05
1.718868212147585630e+09 -8.600000000000000000e+04 -1.480474800000000037e-05
1.718868237034182549e+09 -8.500000000000000000e+04 -1.483433230000000028e-05
1.718868261312460899e+09 -8.400000000000000000e+04 -1.482432090000000053e-05
1.718868286400054216e+09 -8.300000000000000000e+04 -1.486974500000000073e-05
1.718868310684292793e+09 -8.200000000000000000e+04 -1.487215470000000009e-05
1.718868335360652685e+09 -8.100000000000000000e+04 -1.486173920000000026e-05
1.718868359837630749e+09 -8.000000000000000000e+04 -1.489884059999999945e-05
1.718868384721770048e+09 -7.900000000000000000e+04 -1.490947639999999924e-05
1.718868409425907373e+09 -7.800000000000000000e+04 -1.489634120000000038e-05
1.718868434517024517e+09 -7.700000000000000000e+04 -1.493966140000000004e-05
1.718868459094162703e+09 -7.600000000000000000e+04 -1.496199380000000045e-05
1.718868483535859823e+09 -7.500000000000000000e+04 -1.497967839999999949e-05
1.718868507816174269e+09 -7.400000000000000000e+04 -1.495492509999999974e-05
1.718868531697110891e+09 -7.300000000000000000e+04 -1.499956200000000057e-05
1.718868556070867062e+09 -7.200000000000000000e+04 -1.502794879999999972e-05
1.718868580758578062e+09 -7.100000000000000000e+04 -1.501747920000000057e-05
1.718868596873117208e+09 -7.000000000000000000e+04 -1.500109939999999977e-05
1.718868620843838930e+09 -6.900000000000000000e+04 -1.502346760000000045e-05
1.718868645738753080e+09 -6.800000000000000000e+04 -1.503177889999999992e-05
1.718868670516687870e+09 -6.700000000000000000e+04 -1.508459389999999985e-05
1.718868694201808453e+09 -6.600000000000000000e+04 -1.509831770000000019e-05
1.718868718482599497e+09 -6.500000000000000000e+04 -1.508784300000000075e-05
1.718868742359584332e+09 -6.400000000000000000e+04 -1.509801799999999935e-05
1.718868767255701780e+09 -6.300000000000000000e+04 -1.512585999999999921e-05
1.718868790941073656e+09 -6.200000000000000000e+04 -1.514519680000000053e-05
1.718868815008858919e+09 -6.100000000000000000e+04 -1.515391940000000079e-05
1.718868839184370995e+09 -6.000000000000000000e+04 -1.518482939999999979e-05
1.718868863401168108e+09 -5.900000000000000000e+04 -1.518055299999999973e-05
1.718868885862247944e+09 -5.800000000000000000e+04 -1.518817819999999939e-05
1.718868909044391394e+09 -5.700000000000000000e+04 -1.521348269999999962e-05
1.718868933327033520e+09 -5.600000000000000000e+04 -1.523894830000000020e-05
1.718868957603981256e+09 -5.500000000000000000e+04 -1.523904280000000037e-05
1.718868981680858135e+09 -5.400000000000000000e+04 -1.527237000000000096e-05
1.718869005153253078e+09 -5.300000000000000000e+04 -1.527887029999999978e-05
1.718869029835457802e+09 -5.200000000000000000e+04 -1.528047829999999843e-05
1.718869054122321844e+09 -5.100000000000000000e+04 -1.531910719999999944e-05
1.718869079016423941e+09 -5.000000000000000000e+04 -1.531250229999999980e-05
1.718869103091722250e+09 -4.900000000000000000e+04 -1.533036379999999977e-05
1.718869127565176487e+09 -4.800000000000000000e+04 -1.533531719999999839e-05
1.718869151765618801e+09 -4.700000000000000000e+04 -1.534549210000000043e-05
1.718869174789188623e+09 -4.600000000000000000e+04 -1.535479179999999898e-05
1.718869206338830948e+09 -4.500000000000000000e+04 -1.538405009999999879e-05
1.718869230917289019e+09 -4.400000000000000000e+04 -1.538700059999999987e-05
1.718869254492135286e+09 -4.300000000000000000e+04 -1.540262330000000165e-05
1.718869278574006557e+09 -4.200000000000000000e+04 -1.541572529999999866e-05
1.718869302644036055e+09 -4.100000000000000000e+04 -1.542484160000000024e-05
1.718869327361173391e+09 -4.000000000000000000e+04 -1.542399969999999854e-05
1.718869351232096434e+09 -3.900000000000000000e+04 -1.546678839999999930e-05
1.718869375516634464e+09 -3.800000000000000000e+04 -1.547233329999999932e-05
1.718869399388586998e+09 -3.700000000000000000e+04 -1.548034089999999869e-05
1.718869415304109812e+09 -3.600000000000000000e+04 -1.543552499999999991e-05
1.718869437672970772e+09 -3.500000000000000000e+04 -1.548706480000000056e-05
1.718869461053660154e+09 -3.400000000000000000e+04 -1.548854769999999899e-05
1.718869485125952244e+09 -3.300000000000000000e+04 -1.549278630000000168e-05
1.718869509194471836e+09 -3.200000000000000000e+04 -1.549201179999999968e-05
1.718869533270460129e+09 -3.100000000000000000e+04 -1.548262720000000020e-05
1.718869556734373808e+09 -3.000000000000000000e+04 -1.548916919999999910e-05
1.718869580616487980e+09 -2.900000000000000000e+04 -1.547490480000000032e-05
1.718869604337733030e+09 -2.800000000000000000e+04 -1.547130999999999943e-05
1.718869628556682587e+09 -2.700000000000000000e+04 -1.545803959999999971e-05
1.718869652131341219e+09 -2.600000000000000000e+04 -1.542811989999999864e-05
1.718869668042671442e+09 -2.500000000000000000e+04 -1.536383860000000044e-05
1.718869692414692163e+09 -2.400000000000000000e+04 -1.536339169999999927e-05
1.718869716490705252e+09 -2.300000000000000000e+04 -1.530413429999999921e-05
1.718869739361189127e+09 -2.200000000000000000e+04 -1.524587439999999947e-05
1.718869763333608866e+09 -2.100000000000000000e+04 -1.517804830000000050e-05
1.718869787418361187e+09 -2.000000000000000000e+04 -1.507954299999999949e-05
1.718869811755223274e+09 -1.900000000000000000e+04 -1.496745810000000032e-05
1.718869835223243475e+09 -1.800000000000000000e+04 -1.483981489999999920e-05
1.718869859195330858e+09 -1.700000000000000000e+04 -1.471920049999999931e-05
1.718869882872064352e+09 -1.600000000000000000e+04 -1.459202430000000070e-05
1.718869907071249962e+09 -1.500000000000000000e+04 -1.445217230000000020e-05
1.718869929442619801e+09 -1.400000000000000000e+04 -1.430063300000000020e-05
1.718869952718786716e+09 -1.300000000000000000e+04 -1.414871329999999928e-05
1.718869976794560194e+09 -1.200000000000000000e+04 -1.397917620000000083e-05
1.718870000495907545e+09 -1.100000000000000000e+04 -1.381118150000000024e-05
1.718870024571474314e+09 -1.000000000000000000e+04 -1.364318369999999983e-05
1.718870048055934668e+09 -9.000000000000000000e+03 -1.347210950000000031e-05
1.718870104873206615e+09 -8.000000000000000000e+03 -1.328606560000000031e-05
1.718870128352174997e+09 -7.000000000000000000e+03 -1.311281119999999917e-05
1.718870152236765862e+09 -6.000000000000000000e+03 -1.294666879999999954e-05
1.718870176117687702e+09 -5.000000000000000000e+03 -1.275319499999999979e-05
1.718870200390480280e+09 -4.000000000000000000e+03 -1.257717550000000011e-05
1.718870223458772182e+09 -3.000000000000000000e+03 -1.239234950000000033e-05
1.718870246933783293e+09 -2.000000000000000000e+03 -1.218259810000000035e-05
1.718870262846859455e+09 -1.000000000000000000e+03 -1.196593189999999932e-05
1.718870286321782112e+09 0.000000000000000000e+00 -1.181791150000000060e-05
1.718870309388617992e+09 1.000000000000000000e+03 -1.161986420000000007e-05
1.718870332856544256e+09 2.000000000000000000e+03 -1.144508939999999957e-05
1.718870356125751495e+09 3.000000000000000000e+03 -1.125699579999999997e-05
1.718870379199716091e+09 4.000000000000000000e+03 -1.107496860000000029e-05
1.718870402976569653e+09 5.000000000000000000e+03 -1.089659219999999965e-05
1.718870426848247051e+09 6.000000000000000000e+03 -1.072695370000000014e-05
1.718870442763317108e+09 7.000000000000000000e+03 -1.053204039999999930e-05
1.718870465930512190e+09 8.000000000000000000e+03 -1.037151190000000011e-05
1.718870489102143288e+09 9.000000000000000000e+03 -1.019540600000000042e-05
1.718870513182447672e+09 1.000000000000000000e+04 -1.004438949999999952e-05
1.718870537057662487e+09 1.100000000000000000e+04 -9.869675379999999764e-06
1.718870560929274321e+09 1.200000000000000000e+04 -9.712392249999999167e-06
1.718870584804629564e+09 1.300000000000000000e+04 -9.570497009999999209e-06
1.718870608889295101e+09 1.400000000000000000e+04 -9.437089399999999486e-06
1.718870632755876541e+09 1.500000000000000000e+04 -9.282757430000000248e-06
1.718870656526864529e+09 1.600000000000000000e+04 -9.152619160000000304e-06
1.718870680358791113e+09 1.700000000000000000e+04 -9.032267199999999505e-06
1.718870704443528891e+09 1.800000000000000000e+04 -8.910742030000000293e-06
1.718870728327248335e+09 1.900000000000000000e+04 -8.805633240000000322e-06
1.718870752198338270e+09 2.000000000000000000e+04 -8.696964569999999925e-06
1.718870775971169472e+09 2.100000000000000000e+04 -8.592499129999999491e-06
1.718870799844050169e+09 2.200000000000000000e+04 -8.505531270000000276e-06
1.718870823723613262e+09 2.300000000000000000e+04 -8.389573330000000561e-06
1.718870847597104073e+09 2.400000000000000000e+04 -8.304308810000000671e-06
1.718870871669923067e+09 2.500000000000000000e+04 -8.235443070000000553e-06
1.718870895654798031e+09 2.600000000000000000e+04 -8.161311009999999179e-06
1.718870919390054464e+09 2.700000000000000000e+04 -8.109970109999999638e-06
1.718870943265627861e+09 2.800000000000000000e+04 -8.105721860000000267e-06
1.718870967160447121e+09 2.900000000000000000e+04 -8.094463659999999217e-06
1.718870991909038067e+09 3.000000000000000000e+04 -8.079962999999999333e-06
1.718871016392055273e+09 3.100000000000000000e+04 -8.078534439999999388e-06
1.718871040266944885e+09 3.200000000000000000e+04 -8.081710760000000127e-06
1.718871056176577568e+09 3.300000000000000000e+04 -8.110739840000000643e-06
1.718871080158708811e+09 3.400000000000000000e+04 -8.103693110000000647e-06
1.718871104442222118e+09 3.500000000000000000e+04 -8.129012040000000065e-06
1.718871128416307688e+09 3.600000000000000000e+04 -8.135368810000000219e-06
1.718871152397245884e+09 3.700000000000000000e+04 -8.146360250000000063e-06
1.718871176474049091e+09 3.800000000000000000e+04 -8.166988850000000749e-06
1.718871200347521305e+09 3.900000000000000000e+04 -8.142709590000000254e-06
1.718871224427819729e+09 4.000000000000000000e+04 -8.170558420000000537e-06
1.718871240345370531e+09 4.100000000000000000e+04 -8.177928429999999243e-06
1.718871264725585461e+09 4.200000000000000000e+04 -8.193479489999999491e-06
1.718871288494411469e+09 4.300000000000000000e+04 -8.211081830000000408e-06
1.718871313184144735e+09 4.400000000000000000e+04 -8.226265989999999995e-06
1.718871337664011955e+09 4.500000000000000000e+04 -8.240792059999999515e-06
1.718871378122263193e+09 4.600000000000000000e+04 -8.253837940000000479e-06
1.718871410189516306e+09 4.700000000000000000e+04 -8.276431179999999254e-06
1.718871433961637735e+09 4.800000000000000000e+04 -8.283984419999999610e-06
1.718871457838908434e+09 4.900000000000000000e+04 -8.285033489999999598e-06
1.718871481716438055e+09 5.000000000000000000e+04 -8.297938849999999893e-06
1.718871505384754896e+09 5.100000000000000000e+04 -8.298618119999999287e-06
1.718871529150032997e+09 5.200000000000000000e+04 -8.328810040000000621e-06
1.718871545066840410e+09 5.300000000000000000e+04 -8.317595389999999365e-06
1.718871569042902231e+09 5.400000000000000000e+04 -8.327598300000000719e-06
1.718871592728009462e+09 5.500000000000000000e+04 -8.345697549999999359e-06
1.718871616806168079e+09 5.600000000000000000e+04 -8.375089960000000504e-06
1.718871640779465199e+09 5.700000000000000000e+04 -8.383020400000000346e-06
1.718871665264665604e+09 5.800000000000000000e+04 -8.366723449999999174e-06
1.718871681180764437e+09 5.900000000000000000e+04 -8.404733789999999303e-06
1.718871704959358454e+09 6.000000000000000000e+04 -8.404025530000000415e-06
1.718871729041324615e+09 6.100000000000000000e+04 -8.402111860000000660e-06
1.718871753119586468e+09 6.200000000000000000e+04 -8.424933769999999901e-06
1.718871777096632719e+09 6.300000000000000000e+04 -8.429757629999999992e-06
1.718871800971689939e+09 6.400000000000000000e+04 -8.452594399999999351e-06
1.718871824845484734e+09 6.500000000000000000e+04 -8.447260029999999637e-06
1.718871848923434973e+09 6.600000000000000000e+04 -8.453250759999999283e-06
1.718871872794643164e+09 6.700000000000000000e+04 -8.468393510000000486e-06
1.718871896869684935e+09 6.800000000000000000e+04 -8.481507010000000678e-06
1.718871920846132278e+09 6.900000000000000000e+04 -8.465380030000000067e-06
1.718871945329854012e+09 7.000000000000000000e+04 -8.499288770000000648e-06
1.718871961241873741e+09 7.100000000000000000e+04 -8.519352970000000408e-06
1.718871985717595577e+09 7.200000000000000000e+04 -8.535229419999999608e-06
1.718872009795167685e+09 7.300000000000000000e+04 -8.539999209999999861e-06
1.718872033670027494e+09 7.400000000000000000e+04 -8.538946659999999955e-06
1.718872058149474859e+09 7.500000000000000000e+04 -8.563437810000000609e-06
1.718872082463641644e+09 7.600000000000000000e+04 -8.556230289999999894e-06
1.718872106470464945e+09 7.700000000000000000e+04 -8.572758509999999952e-06
1.718872130820274353e+09 7.800000000000000000e+04 -8.592739479999999974e-06
1.718872155304645777e+09 7.900000000000000000e+04 -8.599733170000000692e-06
1.718872179185416460e+09 8.000000000000000000e+04 -8.597819579999999533e-06
1.718872203468403339e+09 8.100000000000000000e+04 -8.606310760000000152e-06
1.718872227955113173e+09 8.200000000000000000e+04 -8.640903270000000781e-06
1.718872251629704714e+09 8.300000000000000000e+04 -8.658685479999999631e-06
1.718872276207310438e+09 8.400000000000000000e+04 -8.638689659999999315e-06
1.718872300891280651e+09 8.500000000000000000e+04 -8.696707329999999372e-06
1.718872325370728016e+09 8.600000000000000000e+04 -8.685361689999999618e-06
1.718872349339540720e+09 8.700000000000000000e+04 -8.657370959999999166e-06
1.718872365253586292e+09 8.800000000000000000e+04 -8.694907859999999677e-06
1.718872389143337011e+09 8.900000000000000000e+04 -8.705747880000000395e-06
1.718872413021668911e+09 9.000000000000000000e+04 -8.729953790000000570e-06
1.718872429235181808e+09 9.000000000000000000e+04 -8.734259799999999401e-06
1.718872453214550257e+09 8.900000000000000000e+04 -8.711578199999999431e-06
1.718872477244482279e+09 8.800000000000000000e+04 -8.710093190000000755e-06
1.718872500614179373e+09 8.700000000000000000e+04 -8.677961079999999179e-06
1.718872524483276606e+09 8.600000000000000000e+04 -8.721446969999999967e-06
1.718872548567057610e+09 8.500000000000000000e+04 -8.712804219999999465e-06
1.718872572446680307e+09 8.400000000000000000e+04 -8.717450120000000294e-06
1.718872596324538946e+09 8.300000000000000000e+04 -8.701901899999999336e-06
1.718872620402888298e+09 8.200000000000000000e+04 -8.717115949999999563e-06
1.718872645287823677e+09 8.100000000000000000e+04 -8.677164119999999982e-06
1.718872669174687386e+09 8.000000000000000000e+04 -8.686905619999999421e-06
1.718872693050435781e+09 7.900000000000000000e+04 -8.701312940000000798e-06
1.718872717137438059e+09 7.800000000000000000e+04 -8.672101269999999258e-06
1.718872741110788584e+09 7.700000000000000000e+04 -8.693555140000000403e-06
1.718872764985339642e+09 7.600000000000000000e+04 -8.676933970000000077e-06
1.718872789069645643e+09 7.500000000000000000e+04 -8.701056199999999941e-06
1.718872812754381895e+09 7.400000000000000000e+04 -8.654873629999999346e-06
1.718872836825494528e+09 7.300000000000000000e+04 -8.684951719999999209e-06
1.718872860715790749e+09 7.200000000000000000e+04 -8.694095930000000599e-06
1.718872884784728050e+09 7.100000000000000000e+04 -8.685264679999999445e-06
1.718872908655070305e+09 7.000000000000000000e+04 -8.671208150000000219e-06
1.718872932763095379e+09 6.900000000000000000e+04 -8.675895300000000546e-06
1.718872955712232113e+09 6.800000000000000000e+04 -8.659949929999999520e-06
1.718872978075936079e+09 6.700000000000000000e+04 -8.660908090000000710e-06
1.718873001344619989e+09 6.600000000000000000e+04 -8.678619439999999590e-06
1.718873025418981314e+09 6.500000000000000000e+04 -8.666007149999999589e-06
1.718873049689110279e+09 6.400000000000000000e+04 -8.667335419999999322e-06
1.718873073764268875e+09 6.300000000000000000e+04 -8.674630719999999550e-06
1.718873097436316252e+09 6.200000000000000000e+04 -8.664938820000000463e-06
1.718873113356695652e+09 6.100000000000000000e+04 -8.671689450000000821e-06
1.718873135818043232e+09 6.000000000000000000e+04 -8.642241359999999290e-06
1.718873158295376301e+09 5.900000000000000000e+04 -8.655387230000000649e-06
1.718873181459841728e+09 5.800000000000000000e+04 -8.648721509999999347e-06
1.718873205534198284e+09 5.700000000000000000e+04 -8.637605570000000618e-06
1.718873229618846416e+09 5.600000000000000000e+04 -8.634536280000000401e-06
1.718873253663124561e+09 5.500000000000000000e+04 -8.620956000000000609e-06
1.718873285920614004e+09 5.400000000000000000e+04 -8.630887170000000496e-06
1.718873310144031048e+09 5.300000000000000000e+04 -8.627896779999999767e-06
1.718873333625174046e+09 5.200000000000000000e+04 -8.601939859999999926e-06
1.718873357700554848e+09 5.100000000000000000e+04 -8.617683819999999846e-06
1.718873381770138741e+09 5.000000000000000000e+04 -8.614876870000000471e-06
1.718873397686626196e+09 4.900000000000000000e+04 -8.670364429999999960e-06
1.718873420762299299e+09 4.800000000000000000e+04 -8.610859549999999176e-06
1.718873444838121891e+09 4.700000000000000000e+04 -8.599712179999999725e-06
1.718873468867888451e+09 4.600000000000000000e+04 -8.586909300000000175e-06
1.718873492844891071e+09 4.500000000000000000e+04 -8.588329550000000257e-06
1.718873516721738338e+09 4.400000000000000000e+04 -8.591951749999999743e-06
1.718873532633703470e+09 4.300000000000000000e+04 -8.625506400000000179e-06
1.718873556305545568e+09 4.200000000000000000e+04 -8.577163789999999954e-06
1.718873580388103724e+09 4.100000000000000000e+04 -8.578298709999999442e-06
1.718873603983592749e+09 4.000000000000000000e+04 -8.581687770000000670e-06
1.718873628170821428e+09 3.900000000000000000e+04 -8.565146800000000737e-06
1.718873652067089319e+09 3.800000000000000000e+04 -8.556790640000000740e-06
1.718873676141247511e+09 3.700000000000000000e+04 -8.583014849999999262e-06
1.718873699626424551e+09 3.600000000000000000e+04 -8.554617739999999777e-06
1.718873723693398476e+09 3.500000000000000000e+04 -8.559283029999999157e-06
1.718873747565792561e+09 3.400000000000000000e+04 -8.552615739999999995e-06
1.718873770892027855e+09 3.300000000000000000e+04 -8.543332579999999185e-06
1.718873794954545259e+09 3.200000000000000000e+04 -8.541151709999999169e-06
1.718873819168820620e+09 3.100000000000000000e+04 -8.543516500000000586e-06
1.718873843195310354e+09 3.000000000000000000e+04 -8.555538739999999154e-06
1.718873867273636103e+09 2.900000000000000000e+04 -8.575202130000000392e-06
1.718873891361312628e+09 2.800000000000000000e+04 -8.592226799999999468e-06
1.718873915034505129e+09 2.700000000000000000e+04 -8.611817969999999191e-06
1.718873972454870462e+09 2.600000000000000000e+04 -8.662018110000000083e-06
1.718873996443489313e+09 2.500000000000000000e+04 -8.738790169999999791e-06
1.718874020631586552e+09 2.400000000000000000e+04 -8.853776659999999446e-06
1.718874043087493420e+09 2.300000000000000000e+04 -8.934293810000000366e-06
1.718874066363469362e+09 2.200000000000000000e+04 -9.050450980000000479e-06
1.718874090454351187e+09 2.100000000000000000e+04 -9.171866040000000703e-06
1.718874114202919245e+09 2.000000000000000000e+04 -9.282552100000000168e-06
1.718874138680875778e+09 1.900000000000000000e+04 -9.420594459999999872e-06
1.718874162568435192e+09 1.800000000000000000e+04 -9.546719209999999600e-06
1.718874186254218340e+09 1.700000000000000000e+04 -9.673349679999999998e-06
1.718874209926829815e+09 1.600000000000000000e+04 -9.826559640000000204e-06
1.718874233796220303e+09 1.500000000000000000e+04 -9.961936750000000823e-06
1.718874249717035055e+09 1.400000000000000000e+04 -1.013900850000000059e-05
1.718874272181472301e+09 1.300000000000000000e+04 -1.028321189999999962e-05
1.718874295248980045e+09 1.200000000000000000e+04 -1.043931690000000005e-05
1.718874319322962999e+09 1.100000000000000000e+04 -1.060165540000000049e-05
1.718874343002807379e+09 1.000000000000000000e+04 -1.077843079999999992e-05
1.718874367105277300e+09 9.000000000000000000e+03 -1.094187729999999961e-05
1.718874390388456821e+09 8.000000000000000000e+03 -1.113734359999999984e-05
1.718874414066532135e+09 7.000000000000000000e+03 -1.131603460000000074e-05
1.718874437360491514e+09 6.000000000000000000e+03 -1.151148570000000003e-05
1.718874461238593578e+09 5.000000000000000000e+03 -1.170178620000000026e-05
1.718874485030797005e+09 4.000000000000000000e+03 -1.188992680000000010e-05
1.718874508850155830e+09 3.000000000000000000e+03 -1.206661059999999929e-05
1.718874531931637049e+09 2.000000000000000000e+03 -1.226187929999999931e-05
1.718874554600305557e+09 1.000000000000000000e+03 -1.245837320000000021e-05
1.718874577164441586e+09 0.000000000000000000e+00 -1.266165700000000013e-05
1.718874600677265644e+09 -1.000000000000000000e+03 -1.283444760000000019e-05
1.718874622353277922e+09 -2.000000000000000000e+03 -1.302013839999999961e-05
1.718874645614763737e+09 -3.000000000000000000e+03 -1.321657320000000084e-05
1.718874669517019510e+09 -4.000000000000000000e+03 -1.340922669999999932e-05
1.718874693600092649e+09 -5.000000000000000000e+03 -1.359181359999999940e-05
1.718874717631931305e+09 -6.000000000000000000e+03 -1.378403429999999999e-05
1.718874741314919949e+09 -7.000000000000000000e+03 -1.397643410000000017e-05
1.718874765303829432e+09 -8.000000000000000000e+03 -1.416694690000000013e-05
1.718874789290921211e+09 -9.000000000000000000e+03 -1.434548870000000021e-05
1.718874813020446539e+09 -1.000000000000000000e+04 -1.454338550000000072e-05
1.718874837109914780e+09 -1.100000000000000000e+04 -1.472894669999999928e-05
1.718874860987922668e+09 -1.200000000000000000e+04 -1.490623949999999940e-05
1.718874884667774439e+09 -1.300000000000000000e+04 -1.509118070000000033e-05
1.718874908452809334e+09 -1.400000000000000000e+04 -1.525098099999999987e-05
1.718874932225712299e+09 -1.500000000000000000e+04 -1.544725690000000110e-05
1.718874956300518990e+09 -1.600000000000000000e+04 -1.559554619999999905e-05
1.718874980999854326e+09 -1.700000000000000000e+04 -1.574369309999999882e-05
1.718875005479139328e+09 -1.800000000000000000e+04 -1.588598499999999898e-05
1.718875029970067978e+09 -1.900000000000000000e+04 -1.602573480000000060e-05
1.718875054042476177e+09 -2.000000000000000000e+04 -1.615716780000000101e-05
1.718875086411187649e+09 -2.100000000000000000e+04 -1.626500580000000084e-05
1.718875110889219046e+09 -2.200000000000000000e+04 -1.636497569999999954e-05
1.718875135570468187e+09 -2.300000000000000000e+04 -1.645515450000000014e-05
1.718875160013865948e+09 -2.400000000000000000e+04 -1.652160910000000075e-05
1.718875184086961985e+09 -2.500000000000000000e+04 -1.656863060000000095e-05
1.718875207771179914e+09 -2.600000000000000000e+04 -1.661798100000000050e-05
1.718875231743951082e+09 -2.700000000000000000e+04 -1.664241789999999939e-05
1.718875255818609476e+09 -2.800000000000000000e+04 -1.667916930000000120e-05
1.718875279927357912e+09 -2.900000000000000000e+04 -1.671385829999999926e-05
1.718875304006420135e+09 -3.000000000000000000e+04 -1.672586659999999851e-05
1.718875327884103775e+09 -3.100000000000000000e+04 -1.674879130000000153e-05
1.718875351961676598e+09 -3.200000000000000000e+04 -1.673528120000000009e-05
1.718875375853585958e+09 -3.300000000000000000e+04 -1.674622360000000161e-05
1.718875399815783739e+09 -3.400000000000000000e+04 -1.676372680000000077e-05
1.718875423884376526e+09 -3.500000000000000000e+04 -1.675748789999999895e-05
1.718875447870938778e+09 -3.600000000000000000e+04 -1.677207139999999864e-05
1.718875471550393105e+09 -3.700000000000000000e+04 -1.678941159999999859e-05
1.718875495535384655e+09 -3.800000000000000000e+04 -1.678517129999999863e-05
1.718875519623215675e+09 -3.900000000000000000e+04 -1.678845750000000070e-05
1.718875544229835033e+09 -4.000000000000000000e+04 -1.675825080000000123e-05
1.718875568316295385e+09 -4.100000000000000000e+04 -1.676560020000000077e-05
1.718875592289934635e+09 -4.200000000000000000e+04 -1.678011820000000130e-05
1.718875616963762999e+09 -4.300000000000000000e+04 -1.675713419999999874e-05
1.718875641656977177e+09 -4.400000000000000000e+04 -1.676855799999999911e-05
1.718875666344189644e+09 -4.500000000000000000e+04 -1.676376529999999940e-05
1.718875690433882475e+09 -4.600000000000000000e+04 -1.677924940000000069e-05
1.718875714509362698e+09 -4.700000000000000000e+04 -1.678403380000000037e-05
1.718875739008891344e+09 -4.800000000000000000e+04 -1.676900490000000029e-05
1.718875763245698929e+09 -4.900000000000000000e+04 -1.675948579999999953e-05
1.718875787933920622e+09 -5.000000000000000000e+04 -1.675785350000000040e-05
1.718875811821752548e+09 -5.100000000000000000e+04 -1.677847199999999876e-05
1.718875836030989408e+09 -5.200000000000000000e+04 -1.675199750000000139e-05
1.718875860724875689e+09 -5.300000000000000000e+04 -1.674929680000000098e-05
1.718875884798227549e+09 -5.400000000000000000e+04 -1.675117279999999940e-05
1.718875908677349806e+09 -5.500000000000000000e+04 -1.677177829999999887e-05
1.718875932566064835e+09 -5.600000000000000000e+04 -1.674743900000000166e-05
1.718875956342815161e+09 -5.700000000000000000e+04 -1.675742450000000021e-05
1.718875981229462624e+09 -5.800000000000000000e+04 -1.673460489999999940e-05
1.718876005311670065e+09 -5.900000000000000000e+04 -1.671374160000000072e-05
1.718876029392001390e+09 -6.000000000000000000e+04 -1.674729250000000090e-05
1.718876054094163656e+09 -6.100000000000000000e+04 -1.673126069999999869e-05
1.718876078172947168e+09 -6.200000000000000000e+04 -1.675338119999999912e-05
1.718876102271808147e+09 -6.300000000000000000e+04 -1.673221280000000119e-05
1.718876126556570292e+09 -6.400000000000000000e+04 -1.670921259999999831e-05
1.718876150638377190e+09 -6.500000000000000000e+04 -1.671899659999999903e-05
1.718876166556115866e+09 -6.600000000000000000e+04 -1.665239499999999966e-05
1.718876190636901140e+09 -6.700000000000000000e+04 -1.669418249999999896e-05
1.718876215324137211e+09 -6.800000000000000000e+04 -1.666770380000000076e-05
1.718876240004868507e+09 -6.900000000000000000e+04 -1.665554010000000107e-05
1.718876264104910612e+09 -7.000000000000000000e+04 -1.667274250000000006e-05
1.718876288784111261e+09 -7.100000000000000000e+04 -1.664972169999999954e-05
1.718876313465962410e+09 -7.200000000000000000e+04 -1.669511940000000053e-05
1.718876338359172106e+09 -7.300000000000000000e+04 -1.668946080000000015e-05
1.718876362842696905e+09 -7.400000000000000000e+04 -1.666237280000000120e-05
1.718876387424130201e+09 -7.500000000000000000e+04 -1.666807049999999985e-05
1.718876412192049742e+09 -7.600000000000000000e+04 -1.662770980000000088e-05
1.718876428102537155e+09 -7.700000000000000000e+04 -1.655996649999999902e-05
1.718876452590850115e+09 -7.800000000000000000e+04 -1.663606439999999945e-05
1.718876477195684910e+09 -7.900000000000000000e+04 -1.660892429999999997e-05
1.718876501695211411e+09 -8.000000000000000000e+04 -1.664784750000000002e-05
1.718876526184073925e+09 -8.100000000000000000e+04 -1.665012329999999944e-05
1.718876550563035965e+09 -8.200000000000000000e+04 -1.661498580000000117e-05
1.718876575371451855e+09 -8.300000000000000000e+04 -1.659828470000000080e-05
1.718876600151700497e+09 -8.400000000000000000e+04 -1.660271409999999935e-05
1.718876624846354723e+09 -8.500000000000000000e+04 -1.660498309999999952e-05
1.718876649537148476e+09 -8.600000000000000000e+04 -1.659324729999999901e-05
1.718876674226124048e+09 -8.700000000000000000e+04 -1.655613689999999852e-05
1.718876698722901344e+09 -8.800000000000000000e+04 -1.659969340000000027e-05
1.718876723370080709e+09 -8.900000000000000000e+04 -1.661454770000000142e-05
1.718876747844839096e+09 -9.000000000000000000e+04 -1.659541939999999876e-05
