1.718881807835593700e+09 7.545217210000000141e-04
1.718881809772212505e+09 7.545470910000000135e-04
1.718881811640216351e+09 7.545221250000000261e-04
1.718881813713730097e+09 7.545508469999999673e-04
1.718881815580761909e+09 7.545408430000000426e-04
1.718881817450759888e+09 7.545109289999999856e-04
1.718881819320051193e+09 7.545152469999999705e-04
1.718881821187057495e+09 7.545327779999999596e-04
1.718881823055614710e+09 7.545616030000000312e-04
1.718881824926127195e+09 7.545693789999999681e-04
1.718881826795128107e+09 7.545642739999999836e-04
1.718881828663405418e+09 7.545968629999999771e-04
1.718881830530924797e+09 7.545792789999999830e-04
1.718881832399925947e+09 7.545795960000000174e-04
1.718881834474425077e+09 7.545999639999999460e-04
1.718881836340461731e+09 7.546067699999999641e-04
1.718881838210697412e+09 7.546054000000000173e-04
1.718881840080239773e+09 7.546243950000000112e-04
1.718881841949240685e+09 7.546019129999999644e-04
1.718881843817280531e+09 7.546126380000000439e-04
1.718881845689299345e+09 7.546170509999999745e-04
1.718881847557302952e+09 7.546238579999999885e-04
1.718881849425074100e+09 7.546165349999999763e-04
1.718881851294601679e+09 7.546420079999999978e-04
1.718881853163124084e+09 7.546179429999999881e-04
1.718881855237101793e+09 7.546615150000000058e-04
1.718881857105105162e+09 7.546487270000000382e-04
1.718881858976372480e+09 7.546503229999999493e-04
1.718881860845401764e+09 7.546074789999999500e-04
1.718881862710926294e+09 7.546253720000000104e-04
1.718881864580451488e+09 7.546556409999999500e-04
1.718881866450482130e+09 7.546502160000000516e-04
1.718881868320719004e+09 7.546706349999999933e-04
1.718881870188245535e+09 7.546608380000000005e-04
1.718881872058243752e+09 7.546771320000000534e-04
1.718881873927808046e+09 7.546803130000000279e-04
1.718881876004281759e+09 7.546737130000000541e-04
1.718881878441169500e+09 7.546873259999999778e-04
1.718881880310689688e+09 7.546669979999999977e-04
1.718881882181208372e+09 7.546946880000000510e-04
1.718881884047978401e+09 7.547027840000000102e-04
1.718881885918496370e+09 7.546870049999999594e-04
1.718881887788518906e+09 7.547209280000000435e-04
1.718881889862970114e+09 7.546933930000000214e-04
1.718881891730005264e+09 7.546997869999999510e-04
1.718881893601266146e+09 7.547340170000000010e-04
1.718881895469269753e+09 7.547242239999999922e-04
1.718881897336795568e+09 7.547119520000000227e-04
1.718881899206307411e+09 7.547616600000000252e-04
1.718881901077825785e+09 7.547558379999999784e-04
1.718881902946378231e+09 7.547642950000000130e-04
1.718881904814630032e+09 7.547549100000000002e-04
1.718881906684151888e+09 7.547556320000000426e-04
1.718881908553181648e+09 7.547693739999999929e-04
1.718881910626635790e+09 7.547659700000000421e-04
1.718881912493695498e+09 7.547624130000000521e-04
1.718881914364471436e+09 7.547616340000000206e-04
1.718881916232474804e+09 7.547682200000000504e-04
1.718881918099508524e+09 7.547783780000000102e-04
1.718881919967543125e+09 7.547739439999999467e-04
1.718881921838053465e+09 7.547784689999999718e-04
1.718881923708822489e+09 7.547719720000000201e-04
1.718881925575828791e+09 7.547853790000000080e-04
1.718881927446342468e+09 7.548048189999999585e-04
1.718881929315864563e+09 7.547972010000000408e-04
1.718881931389750957e+09 7.547825049999999994e-04
1.718881933258821487e+09 7.547796689999999474e-04
1.718881935130276918e+09 7.547604170000000046e-04
1.718881936996798277e+09 7.547982050000000406e-04
1.718881938863327503e+09 7.548218730000000104e-04
1.718881940732625961e+09 7.547960910000000309e-04
1.718881942603667498e+09 7.548023610000000223e-04
1.718881944472210646e+09 7.548219550000000080e-04
1.718881946338219881e+09 7.548010719999999688e-04
1.718881948207257748e+09 7.548207689999999765e-04
1.718881950076502085e+09 7.548291990000000106e-04
1.718881952150474548e+09 7.548298180000000308e-04
1.718881954017032623e+09 7.548238879999999819e-04
1.718881955888028383e+09 7.548305639999999773e-04
1.718881957757056713e+09 7.548250210000000083e-04
1.718881959623847485e+09 7.548273409999999538e-04
1.718881961490853548e+09 7.548132640000000410e-04
1.718881963361901999e+09 7.548375139999999621e-04
1.718881965231900454e+09 7.548482390000000415e-04
1.718881967099429846e+09 7.548631930000000278e-04
1.718881968968952179e+09 7.548951119999999879e-04
1.718881970838193178e+09 7.549051130000000330e-04
1.718881972913186789e+09 7.548829919999999532e-04
1.718881974779707432e+09 7.549014520000000249e-04
1.718881976650703192e+09 7.548956960000000396e-04
1.718881978517739296e+09 7.549076719999999992e-04
1.718881980384019375e+09 7.548981319999999553e-04
1.718881982254017830e+09 7.549086509999999904e-04
1.718881984124560118e+09 7.549172799999999883e-04
1.718881986008521318e+09 7.537142780000000283e-04
1.718881987877549410e+09 6.537351179999999770e-04
1.718881989746840239e+09 5.206126880000000109e-04
1.718881991615138769e+09 4.109907340000000151e-04
1.718881993690132380e+09 3.250444940000000050e-04
1.718881995556506872e+09 2.514202210000000132e-04
1.718881997427502394e+09 1.998495450000000080e-04
1.718881999295053005e+09 1.590283939999999937e-04
1.718882001163319349e+09 1.267121689999999913e-04
1.718882003031862974e+09 1.010967650000000017e-04
1.718882004903369427e+09 8.066787909999999467e-05
1.718882006772370577e+09 6.448153320000000273e-05
1.718882008638416529e+09 5.163100629999999871e-05
1.718882010508167505e+09 4.139392969999999741e-05
1.718882012376170635e+09 3.320046159999999794e-05
1.718882014450681686e+09 2.669991349999999852e-05
1.718882016318713188e+09 2.100449560000000121e-05
1.718882018188711405e+09 1.695821839999999867e-05
1.718882020055525064e+09 1.369469230000000080e-05
1.718882021921533585e+09 1.110676590000000051e-05
1.718882023790574551e+09 9.003443979999999931e-06
1.718882025662604332e+09 7.267057259999999813e-06
1.718882027532602549e+09 5.889301259999999582e-06
1.718882029399642706e+09 4.784064450000000074e-06
1.718882031271403551e+09 3.858427330000000017e-06
1.718882033141425848e+09 3.104810250000000027e-06
1.718882035215390921e+09 2.488818810000000045e-06
1.718882037083394527e+09 1.924495170000000010e-06
1.718882038954428911e+09 1.531985119999999922e-06
1.718882040823225021e+09 1.163916660000000069e-06
1.718882042690743446e+09 8.614383069999999630e-07
1.718882044560330868e+09 5.947973999999999975e-07
1.718882046430840254e+09 3.480087519999999768e-07
1.718882048301836014e+09 1.883645729999999925e-07
1.718882050168632746e+09 3.990992440000000042e-08
1.718882052038262129e+09 -7.724497699999999713e-08
1.718882053907304764e+09 -2.143038359999999985e-07
1.718882055981270790e+09 -3.225374400000000062e-07
1.718882057847279549e+09 -4.214378490000000262e-07
1.718882059718834400e+09 -5.233289599999999481e-07
1.718882061587355137e+09 -6.029958229999999752e-07
1.718882063454394579e+09 -6.671418520000000249e-07
1.718882065323108673e+09 -7.021540330000000423e-07
1.718882067193107605e+09 -7.834194150000000054e-07
1.718882069063620567e+09 -8.030138609999999655e-07
1.718882070930151463e+09 -8.464310279999999601e-07
1.718882072797667742e+09 -8.907247890000000323e-07
1.718882074666201353e+09 -9.555410719999999103e-07
1.718882076739433289e+09 -1.000298910000000047e-06
1.718882078608434200e+09 -1.002000529999999910e-06
1.718882080477484226e+09 -1.067745080000000009e-06
1.718882082344517231e+09 -1.040467579999999955e-06
1.718882084212050915e+09 -1.086875479999999911e-06
1.718882086079320431e+09 -1.118793799999999942e-06
1.718882087950315714e+09 -1.140605599999999915e-06
1.718882089820338488e+09 -1.169997270000000071e-06
1.718882091688871145e+09 -1.165150219999999925e-06
1.718882093556990862e+09 -1.187735399999999956e-06
1.718882095424744129e+09 -1.206401609999999914e-06
1.718882097497711420e+09 -1.198873210000000091e-06
1.718882099365237236e+09 -1.203978079999999929e-06
1.718882101237741470e+09 -1.227285199999999979e-06
1.718882103106261015e+09 -1.230224409999999917e-06
1.718882104973292112e+09 -1.275240069999999965e-06
1.718882106842049837e+09 -1.293132900000000077e-06
1.718882108712048054e+09 -1.311541349999999924e-06
1.718882110582568169e+09 -1.291173440000000025e-06
1.718882112448852062e+09 -1.287976449999999904e-06
1.718882114319392681e+09 -1.301692560000000080e-06
1.718882116188951015e+09 -1.311077429999999900e-06
1.718882118260933161e+09 -1.332115680000000045e-06
1.718882120127967596e+09 -1.320926219999999957e-06
1.718882121998764753e+09 -1.343923769999999997e-06
1.718882123867791176e+09 -1.359960120000000074e-06
1.718882125735309124e+09 -1.338148410000000004e-06
1.718882127603840351e+09 -1.361971129999999929e-06
1.718882129474835634e+09 -1.352122260000000006e-06
1.718882131346104383e+09 -1.353050419999999945e-06
1.718882133214633465e+09 -1.371922960000000009e-06
1.718882135083159447e+09 -1.354133270000000073e-06
1.718882136951193571e+09 -1.397498810000000091e-06
1.718882139024647713e+09 -1.382648279999999911e-06
1.718882140892460585e+09 -1.405233449999999906e-06
1.718882142762486696e+09 -1.395436320000000052e-06
1.718882144631487370e+09 -1.386309519999999983e-06
1.718882146499006033e+09 -1.424106169999999988e-06
1.718882148367537737e+09 -1.371046479999999922e-06
1.718882150238533258e+09 -1.408224370000000016e-06
1.718882152108320951e+09 -1.393012900000000042e-06
1.718882153976351500e+09 -1.408585320000000059e-06
1.718882155843869209e+09 -1.410905719999999905e-06
1.718882157711917639e+09 -1.392290749999999897e-06
1.718882159785894156e+09 -1.398065949999999945e-06
1.718882161652665138e+09 -1.406058419999999912e-06
1.718882163523721695e+09 -1.393012620000000085e-06
1.718882165391725302e+09 -1.411885140000000077e-06
