1.719070833894936562e+09 6.777769510000000459e-04
1.719070837389367104e+09 6.778208429999999776e-04
1.719070839261505365e+09 6.777972780000000299e-04
1.719070853736493587e+09 6.778867120000000223e-04
1.719070855604522228e+09 6.778940860000000476e-04
1.719070857477067709e+09 6.779035090000000170e-04
1.719070859352031231e+09 6.778773139999999531e-04
1.719070861220899343e+09 6.778994350000000328e-04
1.719070863090084791e+09 6.779047459999999531e-04
1.719070864957090378e+09 6.779686149999999663e-04
1.719070867031579018e+09 6.779544870000000405e-04
1.719070868901956558e+09 6.779775359999999900e-04
1.719070870774941444e+09 6.779661300000000296e-04
1.719070872644560575e+09 6.779803440000000455e-04
1.719070874511566162e+09 6.779686389999999788e-04
1.719070876380858660e+09 6.779899870000000031e-04
1.719070878258105516e+09 6.779959379999999682e-04
1.719070880127107620e+09 6.779863470000000196e-04
1.719070881996171951e+09 6.780079519999999927e-04
1.719070883866698980e+09 6.780432220000000071e-04
1.719070885735296011e+09 6.780380459999999811e-04
1.719070887808787107e+09 6.780245869999999841e-04
1.719070889677207232e+09 6.780515039999999820e-04
1.719070891552346706e+09 6.780430060000000028e-04
1.719070893421924591e+09 6.780514199999999924e-04
1.719070895287933111e+09 6.780499250000000030e-04
1.719070897155465841e+09 6.780720459999999743e-04
1.719070899026492834e+09 6.781236360000000461e-04
1.719070900895010471e+09 6.780918720000000087e-04
1.719070902762571096e+09 6.780988329999999495e-04
1.719070904632568598e+09 6.781142510000000333e-04
1.719070906501089573e+09 6.781459539999999892e-04
1.719070908574078321e+09 6.781605470000000085e-04
1.719070910442080975e+09 6.781703440000000013e-04
1.719070912312404156e+09 6.781846900000000318e-04
1.719070914180922031e+09 6.782009980000000288e-04
1.719070916047928810e+09 6.781981099999999677e-04
1.719070917915727377e+09 6.782256969999999989e-04
1.719070919784774303e+09 6.782119280000000481e-04
1.719070921654082775e+09 6.782082160000000269e-04
1.719070923523301125e+09 6.782248200000000338e-04
1.719070925392301321e+09 6.782409080000000425e-04
1.719070927262829304e+09 6.782452109999999789e-04
1.719070929336317301e+09 6.782550089999999678e-04
1.719070931203103065e+09 6.782781100000000347e-04
1.719070933073629856e+09 6.782660769999999777e-04
1.719070934940667868e+09 6.782831139999999891e-04
1.719070936808670759e+09 6.782779059999999825e-04
1.719070938676713228e+09 6.783012639999999984e-04
1.719070940545713425e+09 6.783268690000000345e-04
1.719070942414609909e+09 6.783276939999999906e-04
1.719070944282126665e+09 6.783507949999999492e-04
1.719070946151126862e+09 6.783694100000000520e-04
1.719070948020662069e+09 6.783526039999999849e-04
1.719070950095144510e+09 6.783779739999999843e-04
1.719070951963925838e+09 6.784001469999999647e-04
1.719070953834442377e+09 6.784054659999999614e-04
1.719070955701447725e+09 6.784139879999999531e-04
1.719070957568263054e+09 6.784137310000000042e-04
1.719070959435298204e+09 6.784255909999999936e-04
1.719070961306106091e+09 6.784226959999999605e-04
1.719070963176153183e+09 6.784576570000000169e-04
1.719070965044189215e+09 6.784447650000000312e-04
1.719070966913189173e+09 6.784426510000000216e-04
1.719070968781234503e+09 6.784748399999999870e-04
1.719070970854784250e+09 6.784915990000000251e-04
1.719070972722974777e+09 6.785024270000000182e-04
1.719070974592486382e+09 6.785100329999999838e-04
1.719070976459492207e+09 6.785126000000000265e-04
1.719070978326423407e+09 6.785141470000000249e-04
1.719070980195949078e+09 6.785268319999999704e-04
1.719070982066222906e+09 6.785741440000000058e-04
1.719070983938743830e+09 6.785394410000000027e-04
1.719070985806325912e+09 6.785691430000000395e-04
1.719070987676323891e+09 6.785525390000000327e-04
1.719070989546310425e+09 6.785827970000000162e-04
1.719070991619278193e+09 6.785901700000000454e-04
1.719070993486315966e+09 6.785793929999999570e-04
1.719070995357352257e+09 6.786121999999999467e-04
1.719070997224357605e+09 6.786181280000000036e-04
1.719070999090652704e+09 6.786415380000000285e-04
1.719071000959197044e+09 6.786444259999999812e-04
1.719071002828709602e+09 6.786707709999999878e-04
1.719071004698224783e+09 6.786785059999999800e-04
1.719071006565773964e+09 6.786823220000000193e-04
1.719071008435286999e+09 6.786940269999999775e-04
1.719071010303100348e+09 6.786899430000000333e-04
1.719071012390551567e+09 6.776369410000000499e-04
1.719071014258352757e+09 5.720999110000000044e-04
1.719071016133336067e+09 4.495870070000000164e-04
1.719071018002336264e+09 3.499611999999999927e-04
1.719071019868874550e+09 2.722878339999999916e-04
1.719071021735950947e+09 2.116604609999999905e-04
1.719071023605948448e+09 1.640643180000000100e-04
1.719071025475747585e+09 1.266702430000000100e-04
1.719071027344748020e+09 9.718557610000000608e-05
1.719071029212750673e+09 7.398278219999999982e-05
1.719071031080311775e+09 5.575092660000000261e-05
1.719071033154565573e+09 4.143634750000000164e-05
1.719071035022603750e+09 2.913552589999999863e-05
1.719071036893634796e+09 2.056958709999999975e-05
1.719071038762404203e+09 1.388808399999999962e-05
1.719071040630455256e+09 8.660863710000000235e-06
1.719071042498768091e+09 4.625201300000000260e-06
1.719071044369537830e+09 1.535493950000000029e-06
1.719071046239564180e+09 -8.753597250000000328e-07
1.719071048107567072e+09 -2.694603989999999864e-06
1.719071049976599216e+09 -4.083440059999999783e-06
1.719071051844650984e+09 -5.140615909999999864e-06
1.719071053918375969e+09 -5.901655499999999691e-06
1.719071055786895037e+09 -6.491346449999999731e-06
1.719071057657889843e+09 -6.870345639999999644e-06
1.719071059525467396e+09 -7.103829929999999585e-06
1.719071061392019033e+09 -7.243672719999999926e-06
1.719071063257834911e+09 -7.346131279999999816e-06
1.719071065128860950e+09 -7.338912759999999857e-06
1.719071066998385191e+09 -7.305086479999999819e-06
1.719071068865390778e+09 -7.244188859999999854e-06
1.719071070734424829e+09 -7.147299249999999771e-06
1.719071072602235317e+09 -7.041640800000000250e-06
1.719071074676222324e+09 -6.909532729999999592e-06
1.719071076544759035e+09 -6.771391619999999756e-06
1.719071078413759232e+09 -6.646192120000000210e-06
1.719071080281795502e+09 -6.492322900000000141e-06
1.719071082149132729e+09 -6.373518489999999994e-06
1.719071084017135620e+09 -6.230169419999999692e-06
1.719071085886647224e+09 -6.088882580000000179e-06
1.719071087756174088e+09 -5.938417630000000396e-06
1.719071089624176979e+09 -5.794140409999999980e-06
1.719071091493240833e+09 -5.661258920000000389e-06
1.719071093362563848e+09 -5.537608269999999859e-06
1.719071095435053587e+09 -5.419164799999999930e-06
1.719071097303578377e+09 -5.260913600000000099e-06
1.719071099173575640e+09 -5.166137910000000058e-06
1.719071101041636467e+09 -5.034390539999999594e-06
1.719071102906953335e+09 -4.948587350000000423e-06
1.719071104774955988e+09 -4.821171690000000113e-06
1.719071106644635916e+09 -4.725210289999999938e-06
1.719071108514633179e+09 -4.614862439999999764e-06
1.719071110381125927e+09 -4.519932360000000198e-06
1.719071112250678062e+09 -4.420361480000000092e-06
1.719071114118680477e+09 -4.337600819999999781e-06
1.719071116191170931e+09 -4.223695020000000043e-06
1.719071118058212757e+09 -4.135313610000000062e-06
1.719071119927212715e+09 -4.046881009999999678e-06
1.719071121797163486e+09 -3.964893940000000399e-06
1.719071123663171291e+09 -3.878007879999999756e-06
1.719071125532714128e+09 -3.808602160000000051e-06
1.719071127403241873e+09 -3.732646870000000037e-06
1.719071129274236679e+09 -3.645399890000000096e-06
1.719071131142074585e+09 -3.612862740000000112e-06
1.719071133009592295e+09 -3.531030019999999789e-06
1.719071134878592730e+09 -3.461881430000000026e-06
1.719071136953072786e+09 -3.408048200000000168e-06
1.719071138820105553e+09 -3.344314599999999918e-06
1.719071140689243555e+09 -3.264750939999999977e-06
1.719071142555816650e+09 -3.208700629999999830e-06
1.719071144422822237e+09 -3.168119440000000003e-06
1.719071146290866375e+09 -3.113615860000000074e-06
1.719071148159901619e+09 -3.076902109999999955e-06
1.719071150030896425e+09 -3.019304660000000007e-06
1.719071151898647070e+09 -2.962893199999999939e-06
1.719071153767418623e+09 -2.909214640000000198e-06
1.719071155636418819e+09 -2.859971260000000077e-06
1.719071157710401297e+09 -2.835271899999999907e-06
1.719071159577680111e+09 -2.760297229999999972e-06
1.719071161449226141e+09 -2.722912650000000158e-06
1.719071163317778349e+09 -2.719354360000000207e-06
1.719071165184783936e+09 -2.651908120000000203e-06
1.719071167052842140e+09 -2.632777720000000088e-06
1.719071168923632383e+09 -2.589515190000000197e-06
1.719071170792632580e+09 -2.548212099999999861e-06
1.719071172662208080e+09 -2.486437940000000014e-06
1.719071174531208277e+09 -2.468184139999999999e-06
1.719071176401736498e+09 -2.463439790000000127e-06
1.719071178476216555e+09 -2.422807040000000037e-06
1.719071180344671488e+09 -2.380782059999999864e-06
1.719071182216723680e+09 -2.367117620000000138e-06
1.719071184085251093e+09 -2.330919529999999900e-06
1.719071185950693130e+09 -2.325041189999999889e-06
1.719071187820221424e+09 -2.281572389999999897e-06
1.719071189692213535e+09 -2.256615180000000138e-06
1.719071191562272549e+09 -2.238619199999999815e-06
