1.719144364768724918e+09 5.600216570000000416e-04
1.719144366707357645e+09 5.600447059999999911e-04
1.719144368575360537e+09 5.600314429999999699e-04
1.719144370649840593e+09 5.600378890000000170e-04
1.719144372517873526e+09 5.600385080000000373e-04
1.719144374388393164e+09 5.600269609999999898e-04
1.719144376257156610e+09 5.600705320000000115e-04
1.719144378124161959e+09 5.600621269999999860e-04
1.719144379991723061e+09 5.600768740000000405e-04
1.719144381861234665e+09 5.600682510000000187e-04
1.719144383732229471e+09 5.600997059999999897e-04
1.719144385601033211e+09 5.600829989999999608e-04
1.719144387467557430e+09 5.601000669999999567e-04
1.719144389335560083e+09 5.601127049999999816e-04
1.719144391409540653e+09 5.601148189999999912e-04
1.719144393276572227e+09 5.601157989999999785e-04
1.719144395146336317e+09 5.600963729999999721e-04
1.719144397014851570e+09 5.600950489999999499e-04
1.719144398882854462e+09 5.601093840000000244e-04
1.719144400751401424e+09 5.601165510000000094e-04
1.719144402620429277e+09 5.601335590000000282e-04
1.719144404490456581e+09 5.601045800000000298e-04
1.719144406357228041e+09 5.601012279999999796e-04
1.719144408225769281e+09 5.601264429999999479e-04
1.719144410093771935e+09 5.601433669999999771e-04
1.719144412167257309e+09 5.601430580000000192e-04
1.719144414034786224e+09 5.601430060000000101e-04
1.719144415904546738e+09 5.601452069999999974e-04
1.719144417773077011e+09 5.601428720000000035e-04
1.719144419640110493e+09 5.601565879999999492e-04
1.719144421508139610e+09 5.601429750000000256e-04
1.719144423378165722e+09 5.601481969999999762e-04
1.719144425246981621e+09 5.601462379999999977e-04
1.719144427114502430e+09 5.601552100000000345e-04
1.719144428984703779e+09 5.601620170000000485e-04
1.719144430854231358e+09 5.601701620000000287e-04
1.719144432927989006e+09 5.601773810000000228e-04
1.719144434795059919e+09 5.601846510000000300e-04
1.719144436665583134e+09 5.601947369999999522e-04
1.719144438532621622e+09 5.602000310000000488e-04
1.719144440398656368e+09 5.602054459999999871e-04
1.719144442267172098e+09 5.602057040000000404e-04
1.719144444136979103e+09 5.602032999999999969e-04
1.719144446005496264e+09 5.601970609999999901e-04
1.719144447872482538e+09 5.602044860000000284e-04
1.719144449741482496e+09 5.602206779999999468e-04
1.719144451610009432e+09 5.602140130000000159e-04
1.719144453684249401e+09 5.602039059999999607e-04
1.719144455551767349e+09 5.601917890000000224e-04
1.719144457422289848e+09 5.602183949999999619e-04
1.719144459289854288e+09 5.602536639999999802e-04
1.719144461156859636e+09 5.602526839999999930e-04
1.719144463022641182e+09 5.602486110000000049e-04
1.719144464892158747e+09 5.602734769999999581e-04
1.719144466763665915e+09 5.602720839999999949e-04
1.719144468631699800e+09 5.602537270000000538e-04
1.719144470501697779e+09 5.602696610000000273e-04
1.719144472369730711e+09 5.602914949999999528e-04
1.719144474444476128e+09 5.602973209999999836e-04
1.719144476310484171e+09 5.602870089999999886e-04
1.719144478182005405e+09 5.603123499999999955e-04
1.719144480050149918e+09 5.603152470000000206e-04
1.719144481917671204e+09 5.603250440000000134e-04
1.719144483786200523e+09 5.603307160000000091e-04
1.719144485658706665e+09 5.603371120000000391e-04
1.719144487528740406e+09 5.603364410000000097e-04
1.719144489396272421e+09 5.603193220000000007e-04
1.719144491266530275e+09 5.603511370000000512e-04
1.719144493137041092e+09 5.603302440000000519e-04
1.719144495212032557e+09 5.603651529999999908e-04
1.719144497079037905e+09 5.603661849999999871e-04
1.719144498949562788e+09 5.603521410000000509e-04
1.719144500816842794e+09 5.603434199999999870e-04
1.719144502684361935e+09 5.603368190000000172e-04
1.719144504553906202e+09 5.603636850000000020e-04
1.719144506424900770e+09 5.603588170000000463e-04
1.719144508293933392e+09 5.603358190000000015e-04
1.719144510162175894e+09 5.603506699999999657e-04
1.719144512031712770e+09 5.603754719999999578e-04
1.719144513898267746e+09 5.603644390000000249e-04
1.719144515972718239e+09 5.603718649999999508e-04
1.719144517838256121e+09 5.603802699999999764e-04
1.719144519708053589e+09 5.603789999999999553e-04
1.719144521576056480e+09 5.603955219999999645e-04
1.719144523444571495e+09 5.603920670000000007e-04
1.719144525311606169e+09 5.603910870000000134e-04
1.719144527182600975e+09 5.603840179999999621e-04
1.719144529051120043e+09 5.603865959999999608e-04
1.719144530918400049e+09 5.603792740000000530e-04
1.719144532786916494e+09 5.604129459999999474e-04
1.719144534654459953e+09 5.603892799999999697e-04
1.719144536727913141e+09 5.603968090000000261e-04
1.719144538596943140e+09 5.604154750000000336e-04
1.719144540467762709e+09 5.604282500000000531e-04
1.719144542350725174e+09 5.594630469999999816e-04
1.719144544217295170e+09 4.776108589999999857e-04
1.719144546085297823e+09 3.681803520000000184e-04
1.719144547957817793e+09 2.802128950000000083e-04
1.719144549827094555e+09 2.136613869999999982e-04
1.719144551696094751e+09 1.633601370000000027e-04
1.719144553566606283e+09 1.250793970000000125e-04
1.719144555433704853e+09 9.588099520000000191e-05
1.719144557507158279e+09 7.358532659999999571e-05
1.719144559375723839e+09 5.493827540000000020e-05
1.719144561248003006e+09 4.227180649999999848e-05
1.719144563117003202e+09 3.256798979999999999e-05
1.719144564983049631e+09 2.517613070000000107e-05
1.719144566852049828e+09 1.947332659999999948e-05
1.719144568724193811e+09 1.514456839999999953e-05
1.719144570594226599e+09 1.179853140000000018e-05
1.719144572463226795e+09 9.219777910000000773e-06
1.719144574333261490e+09 7.263204780000000162e-06
1.719144576201297522e+09 5.732452929999999891e-06
1.719144578276983023e+09 4.591995280000000068e-06
1.719144580145027161e+09 3.568280240000000103e-06
1.719144582015024662e+09 2.872517540000000125e-06
1.719144583883088350e+09 2.327736250000000172e-06
1.719144585750606775e+09 1.888920049999999919e-06
1.719144587619606972e+09 1.524563379999999914e-06
1.719144589488420010e+09 1.282002569999999971e-06
1.719144591359441996e+09 1.026447590000000082e-06
1.719144593226447582e+09 8.369986360000000191e-07
1.719144595093490839e+09 6.890077559999999599e-07
1.719144596961165428e+09 5.315291390000000488e-07
1.719144599037126064e+09 4.336076249999999903e-07
1.719144600904973030e+09 3.169165310000000241e-07
1.719144602774970293e+09 2.301329299999999977e-07
1.719144604642003775e+09 1.596953960000000087e-07
1.719144606507811308e+09 1.044179719999999934e-07
1.719144608375814438e+09 5.635961380000000239e-08
1.719144610247835398e+09 -4.697615210000000042e-08
1.719144612118829966e+09 -1.040067839999999968e-07
1.719144613985383749e+09 -1.398442970000000100e-07
1.719144615854158163e+09 -2.172430109999999954e-07
1.719144617720166206e+09 -2.344655679999999979e-07
1.719144619794162035e+09 -3.026853389999999991e-07
1.719144621661679029e+09 -3.365116199999999874e-07
1.719144623532674074e+09 -3.508981200000000084e-07
1.719144625399488449e+09 -4.047314409999999846e-07
1.719144627266521931e+09 -4.368561040000000110e-07
1.719144629134115934e+09 -4.671760100000000104e-07
1.719144631005146742e+09 -4.895549640000000467e-07
1.719144632874147177e+09 -5.169872580000000317e-07
1.719144634740443468e+09 -5.727284409999999768e-07
1.719144636609475136e+09 -5.802568529999999490e-07
1.719144638477477789e+09 -6.302742459999999887e-07
1.719144640552476645e+09 -6.410512150000000528e-07
1.719144642419009686e+09 -6.812714820000000408e-07
1.719144644289784670e+09 -6.901405010000000285e-07
1.719144646157302618e+09 -7.230901019999999978e-07
1.719144648024308205e+09 -7.437158739999999538e-07
1.719144649892249346e+09 -7.576382699999999714e-07
1.719144651760764837e+09 -7.822344869999999552e-07
1.719144653632010221e+09 -8.005398599999999624e-07
1.719144655499060154e+09 -8.202374709999999761e-07
1.719144657368096352e+09 -8.398319539999999646e-07
1.719144659236135244e+09 -8.445244040000000352e-07
1.719144661309620380e+09 -8.591687040000000468e-07
1.719144663177871943e+09 -8.706675729999999844e-07
1.719144665047905445e+09 -9.263056829999999980e-07
1.719144666916424274e+09 -9.254807379999999767e-07
1.719144668782432556e+09 -9.374952549999999637e-07
1.719144670649960995e+09 -9.119192889999999909e-07
1.719144672518997192e+09 -9.794687870000000685e-07
1.719144674390775204e+09 -9.787984490000000414e-07
1.719144676259293556e+09 -9.850377480000000214e-07
1.719144678127296209e+09 -9.665261089999999275e-07
1.719144679996854067e+09 -1.004425889999999969e-06
1.719144682071816206e+09 -1.000661689999999951e-06
1.719144683940599918e+09 -1.029589339999999932e-06
1.719144685811118126e+09 -1.034900520000000016e-06
1.719144687678154945e+09 -1.043924340000000067e-06
1.719144689546157837e+09 -1.038613199999999916e-06
1.719144691415192842e+09 -1.045935349999999921e-06
1.719144693285952330e+09 -1.068881459999999923e-06
1.719144695155475140e+09 -1.072903490000000092e-06
1.719144697023989916e+09 -1.056815380000000085e-06
1.719144698890995741e+09 -1.080174080000000047e-06
1.719144700759032488e+09 -1.070325559999999911e-06
1.719144702832284212e+09 -1.078988389999999985e-06
1.719144704699813843e+09 -1.101779880000000051e-06
1.719144706570322275e+09 -1.098067070000000103e-06
1.719144708437849760e+09 -1.113278399999999993e-06
1.719144710303869009e+09 -1.126375769999999907e-06
1.719144712173381805e+09 -1.146382769999999909e-06
1.719144714044839382e+09 -1.171855699999999979e-06
1.719144715913353920e+09 -1.141432679999999952e-06
1.719144717780465841e+09 -1.139215399999999996e-06
1.719144719647983313e+09 -1.151590870000000036e-06
1.719144721516025782e+09 -1.176186949999999947e-06
