1.719136906744688272e+09 -9.000000000000000000e+04 7.327499089999999599e-06
1.719136940829820395e+09 -8.700000000000000000e+04 7.326495320000000036e-06
1.719136974351835728e+09 -8.400000000000000000e+04 7.340438979999999580e-06
1.719137007731095314e+09 -8.100000000000000000e+04 7.325227279999999618e-06
1.719137043021964788e+09 -7.800000000000000000e+04 7.323184919999999967e-06
1.719137076297099590e+09 -7.500000000000000000e+04 7.324608039999999660e-06
1.719137108760649920e+09 -7.200000000000000000e+04 7.329927600000000073e-06
1.719137142147422314e+09 -6.900000000000000000e+04 7.341931750000000147e-06
1.719137175823403120e+09 -6.600000000000000000e+04 7.344840210000000349e-06
1.719137209340475559e+09 -6.300000000000000000e+04 7.340135899999999608e-06
1.719137242710238695e+09 -6.000000000000000000e+04 7.334897620000000117e-06
1.719137275397974730e+09 -5.700000000000000000e+04 7.339395660000000333e-06
1.719137313439241409e+09 -5.400000000000000000e+04 7.337556329999999618e-06
1.719137351569524527e+09 -5.100000000000000000e+04 7.356575380000000058e-06
1.719137384948350191e+09 -4.800000000000000000e+04 7.323265579999999911e-06
1.719137418227961540e+09 -4.500000000000000000e+04 7.337128300000000189e-06
1.719137449989533663e+09 -4.200000000000000000e+04 7.344366539999999685e-06
1.719137483225356817e+09 -3.900000000000000000e+04 7.319634660000000134e-06
1.719137516392661810e+09 -3.600000000000000000e+04 7.318090340000000399e-06
1.719137547867863894e+09 -3.300000000000000000e+04 7.310857469999999842e-06
1.719137581188757420e+09 -3.000000000000000000e+04 7.303332370000000343e-06
1.719137614557970762e+09 -2.700000000000000000e+04 7.314693400000000232e-06
1.719137647821096420e+09 -2.400000000000000000e+04 7.293285320000000231e-06
1.719137680978902102e+09 -2.100000000000000000e+04 7.281270170000000065e-06
1.719137713239861012e+09 -1.800000000000000000e+04 7.278774570000000380e-06
1.719137737508326292e+09 -1.500000000000000000e+04 7.319192140000000023e-06
1.719137761785279036e+09 -1.200000000000000000e+04 7.277783280000000348e-06
1.719137786073925018e+09 -9.000000000000000000e+03 7.239884089999999592e-06
1.719137810352269888e+09 -6.000000000000000000e+03 7.261848459999999687e-06
1.719137834622716427e+09 -3.000000000000000000e+03 7.198888089999999587e-06
1.719137858898516417e+09 0.000000000000000000e+00 7.127678770000000240e-06
1.719137892330043793e+09 3.000000000000000000e+03 7.081013440000000100e-06
1.719137923897494316e+09 6.000000000000000000e+03 7.072195670000000412e-06
1.719137956353042603e+09 9.000000000000000000e+03 7.043628669999999809e-06
1.719137989718170643e+09 1.200000000000000000e+04 7.020052789999999981e-06
1.719138022820721388e+09 1.500000000000000000e+04 7.019930950000000159e-06
1.719138055927986383e+09 1.800000000000000000e+04 6.995838120000000217e-06
1.719138089027113199e+09 2.100000000000000000e+04 6.978441049999999585e-06
1.719138122118756056e+09 2.400000000000000000e+04 6.962825030000000017e-06
1.719138155486139297e+09 2.700000000000000000e+04 6.954923969999999601e-06
1.719138188541514158e+09 3.000000000000000000e+04 6.945736580000000395e-06
1.719138222101715565e+09 3.300000000000000000e+04 6.934412039999999678e-06
1.719138271808553696e+09 3.600000000000000000e+04 6.906806739999999978e-06
1.719138305348093033e+09 3.900000000000000000e+04 6.881767970000000399e-06
1.719138338846169233e+09 4.200000000000000000e+04 6.898556869999999936e-06
1.719138372421051741e+09 4.500000000000000000e+04 6.870794329999999902e-06
1.719138406098243952e+09 4.800000000000000000e+04 6.866913430000000073e-06
1.719138439884168386e+09 5.100000000000000000e+04 6.846164690000000226e-06
1.719138472767504930e+09 5.400000000000000000e+04 6.834078069999999783e-06
1.719138506292903423e+09 5.700000000000000000e+04 6.811462749999999687e-06
1.719138539357973337e+09 6.000000000000000000e+04 6.809524010000000258e-06
1.719138572532800913e+09 6.300000000000000000e+04 6.771357070000000422e-06
1.719138605614415169e+09 6.600000000000000000e+04 6.770869789999999728e-06
1.719138638693094254e+09 6.900000000000000000e+04 6.756576399999999761e-06
1.719138672066718817e+09 7.200000000000000000e+04 6.783142960000000312e-06
1.719138705243434429e+09 7.500000000000000000e+04 6.789569590000000195e-06
1.719138738412911892e+09 7.800000000000000000e+04 6.758743720000000388e-06
1.719138771439632416e+09 8.100000000000000000e+04 6.724421350000000097e-06
1.719138804402132988e+09 8.400000000000000000e+04 6.719802499999999771e-06
1.719138828679759979e+09 8.700000000000000000e+04 6.658489729999999665e-06
1.719138861359753370e+09 9.000000000000000000e+04 6.688266500000000011e-06
1.719138873460345030e+09 9.000000000000000000e+04 6.699754189999999842e-06
1.719138906541339397e+09 8.700000000000000000e+04 6.690821319999999793e-06
1.719138930823029518e+09 8.400000000000000000e+04 6.605793429999999598e-06
1.719138955100748062e+09 8.100000000000000000e+04 6.767755939999999653e-06
1.719138988347914934e+09 7.800000000000000000e+04 6.759477589999999637e-06
1.719139021505398989e+09 7.500000000000000000e+04 6.780317349999999739e-06
1.719139054772052288e+09 7.200000000000000000e+04 6.844516950000000147e-06
1.719139088115293980e+09 6.900000000000000000e+04 6.826336459999999884e-06
1.719139119770647764e+09 6.600000000000000000e+04 6.866740180000000319e-06
1.719139152921526194e+09 6.300000000000000000e+04 6.866409239999999659e-06
1.719139177209973335e+09 6.000000000000000000e+04 6.840621009999999970e-06
1.719139210577053785e+09 5.700000000000000000e+04 6.915626429999999855e-06
1.719139243635298252e+09 5.400000000000000000e+04 6.939583890000000234e-06
1.719139276895957470e+09 5.100000000000000000e+04 6.945759610000000292e-06
1.719139308357440472e+09 4.800000000000000000e+04 6.972037159999999605e-06
1.719139341339876890e+09 4.500000000000000000e+04 6.980083999999999864e-06
1.719139375068691254e+09 4.200000000000000000e+04 7.002160540000000068e-06
1.719139406722156525e+09 3.900000000000000000e+04 7.034864019999999690e-06
1.719139439913434267e+09 3.600000000000000000e+04 7.044908690000000063e-06
1.719139473172726154e+09 3.300000000000000000e+04 7.100745109999999996e-06
1.719139506524665594e+09 3.000000000000000000e+04 7.108552340000000339e-06
1.719139537971870899e+09 2.700000000000000000e+04 7.136816360000000062e-06
1.719139571044586658e+09 2.400000000000000000e+04 7.126565420000000011e-06
1.719139603995798349e+09 2.100000000000000000e+04 7.189340090000000301e-06
1.719139635566413879e+09 1.800000000000000000e+04 7.201880130000000160e-06
1.719139668619756460e+09 1.500000000000000000e+04 7.224281130000000388e-06
1.719139701785853624e+09 1.200000000000000000e+04 7.253951970000000392e-06
1.719139733023937464e+09 9.000000000000000000e+03 7.281065790000000255e-06
1.719139766153470039e+09 6.000000000000000000e+03 7.320451600000000234e-06
1.719139799429767847e+09 3.000000000000000000e+03 7.329988099999999732e-06
1.719139830579410076e+09 0.000000000000000000e+00 7.389565170000000017e-06
1.719139863039171934e+09 -3.000000000000000000e+03 7.468101549999999604e-06
1.719139896197120190e+09 -6.000000000000000000e+03 7.524026909999999871e-06
1.719139929357233763e+09 -9.000000000000000000e+03 7.559463139999999912e-06
1.719139962422711849e+09 -1.200000000000000000e+04 7.582582660000000246e-06
1.719139995951272249e+09 -1.500000000000000000e+04 7.573528169999999902e-06
1.719140030081707478e+09 -1.800000000000000000e+04 7.564704249999999715e-06
1.719140063336477041e+09 -2.100000000000000000e+04 7.587204149999999984e-06
1.719140087603998423e+09 -2.400000000000000000e+04 7.656574939999999824e-06
1.719140120378560781e+09 -2.700000000000000000e+04 7.627126659999999933e-06
1.719140153526360989e+09 -3.000000000000000000e+04 7.631879950000000049e-06
1.719140186680852413e+09 -3.300000000000000000e+04 7.669354680000000561e-06
1.719140219940728903e+09 -3.600000000000000000e+04 7.671904120000000733e-06
1.719140253801796198e+09 -3.900000000000000000e+04 7.694882079999999168e-06
1.719140287523843765e+09 -4.200000000000000000e+04 7.695179270000000008e-06
1.719140321189206362e+09 -4.500000000000000000e+04 7.703894350000000096e-06
1.719140354954076767e+09 -4.800000000000000000e+04 7.721046360000000734e-06
1.719140388262852907e+09 -5.100000000000000000e+04 7.713361840000000194e-06
1.719140421921121120e+09 -5.400000000000000000e+04 7.757575160000000587e-06
1.719140455713718176e+09 -5.700000000000000000e+04 7.769723829999999746e-06
1.719140489023328066e+09 -6.000000000000000000e+04 7.795920220000000266e-06
1.719140522279533386e+09 -6.300000000000000000e+04 7.771517920000000677e-06
1.719140556248298645e+09 -6.600000000000000000e+04 7.807102139999999896e-06
1.719140589913435221e+09 -6.900000000000000000e+04 7.831758709999999641e-06
1.719140623882723093e+09 -7.200000000000000000e+04 7.828804599999999227e-06
1.719140657537214756e+09 -7.500000000000000000e+04 7.868679000000000629e-06
1.719140691494277477e+09 -7.800000000000000000e+04 7.835500579999999759e-06
1.719140724753973961e+09 -8.100000000000000000e+04 7.846318800000000172e-06
1.719140758512163401e+09 -8.400000000000000000e+04 7.913239210000000461e-06
1.719140792041436911e+09 -8.700000000000000000e+04 7.896202260000000038e-06
1.719140825909410238e+09 -9.000000000000000000e+04 7.865635429999999690e-06
