1.719073948719017267e+09 -9.000000000000000000e+04 4.137271919999999965e-06
1.719073973614307404e+09 -8.900000000000000000e+04 4.154072329999999962e-06
1.719073998528952360e+09 -8.800000000000000000e+04 4.168282699999999894e-06
1.719074023020481110e+09 -8.700000000000000000e+04 4.110313589999999805e-06
1.719074047703659773e+09 -8.600000000000000000e+04 4.145068780000000173e-06
1.719074072384883165e+09 -8.500000000000000000e+04 4.125230870000000292e-06
1.719074097273129702e+09 -8.400000000000000000e+04 4.097871850000000351e-06
1.719074121954929352e+09 -8.300000000000000000e+04 4.088940820000000200e-06
1.719074146846590996e+09 -8.200000000000000000e+04 4.101119589999999703e-06
1.719074170945791483e+09 -8.100000000000000000e+04 4.070866679999999686e-06
1.719074195229134083e+09 -8.000000000000000000e+04 4.060758759999999632e-06
1.719074220183109999e+09 -7.900000000000000000e+04 4.073074080000000013e-06
1.719074245076802015e+09 -7.800000000000000000e+04 4.045543049999999735e-06
1.719074268556764364e+09 -7.700000000000000000e+04 4.048631580000000289e-06
1.719074292840196133e+09 -7.600000000000000000e+04 4.062460530000000251e-06
1.719074317516718149e+09 -7.500000000000000000e+04 4.052684300000000401e-06
1.719074342198210239e+09 -7.400000000000000000e+04 4.054353899999999732e-06
1.719074365473889828e+09 -7.300000000000000000e+04 4.046316119999999727e-06
1.719074389356777430e+09 -7.200000000000000000e+04 4.035481980000000011e-06
1.719074413337136030e+09 -7.100000000000000000e+04 4.029696799999999971e-06
1.719074437413739204e+09 -7.000000000000000000e+04 4.012643049999999593e-06
1.719074462312041521e+09 -6.900000000000000000e+04 4.013122819999999938e-06
1.719074503572753906e+09 -6.800000000000000000e+04 4.023533679999999880e-06
1.719074528264186859e+09 -6.700000000000000000e+04 4.036775099999999927e-06
1.719074551644618750e+09 -6.600000000000000000e+04 4.034779700000000370e-06
1.719074576436192036e+09 -6.500000000000000000e+04 4.034944360000000091e-06
1.719074600617502451e+09 -6.400000000000000000e+04 4.033706139999999848e-06
1.719074624813126802e+09 -6.300000000000000000e+04 4.021268620000000032e-06
1.719074648595299482e+09 -6.200000000000000000e+04 4.016989800000000095e-06
1.719074672835576534e+09 -6.100000000000000000e+04 4.027319070000000319e-06
1.719074697035540342e+09 -6.000000000000000000e+04 4.023373039999999918e-06
1.719074721427637100e+09 -5.900000000000000000e+04 4.031164369999999759e-06
1.719074744092609882e+09 -5.800000000000000000e+04 4.010245890000000397e-06
1.719074767369815588e+09 -5.700000000000000000e+04 4.044132900000000292e-06
1.719074791450967312e+09 -5.600000000000000000e+04 4.027528249999999753e-06
1.719074815326657057e+09 -5.500000000000000000e+04 4.015999449999999661e-06
1.719074839413486004e+09 -5.400000000000000000e+04 4.026840650000000001e-06
1.719074863192986965e+09 -5.300000000000000000e+04 4.036223969999999916e-06
1.719074887877237320e+09 -5.200000000000000000e+04 4.033806449999999709e-06
1.719074912561748266e+09 -5.100000000000000000e+04 4.037223039999999794e-06
1.719074937443747997e+09 -5.000000000000000000e+04 4.035317209999999679e-06
1.719074961118264437e+09 -4.900000000000000000e+04 4.036202320000000367e-06
1.719074985400455713e+09 -4.800000000000000000e+04 4.027941319999999972e-06
1.719075009885250807e+09 -4.700000000000000000e+04 4.030395820000000069e-06
1.719075034369279385e+09 -4.600000000000000000e+04 4.034269810000000032e-06
1.719075058456808090e+09 -4.500000000000000000e+04 4.031790100000000177e-06
1.719075082134309530e+09 -4.400000000000000000e+04 4.028214339999999746e-06
1.719075106204208136e+09 -4.300000000000000000e+04 4.041416669999999660e-06
1.719075130083480597e+09 -4.200000000000000000e+04 4.040131720000000370e-06
1.719075154174800873e+09 -4.100000000000000000e+04 4.064527989999999896e-06
1.719075178254916668e+09 -4.000000000000000000e+04 4.048546029999999759e-06
1.719075202537275553e+09 -3.900000000000000000e+04 4.057647950000000420e-06
1.719075226015728235e+09 -3.800000000000000000e+04 4.053356999999999891e-06
1.719075249894911528e+09 -3.700000000000000000e+04 4.059746709999999679e-06
1.719075273668645382e+09 -3.600000000000000000e+04 4.061422449999999684e-06
1.719075297950286150e+09 -3.500000000000000000e+04 4.048385500000000408e-06
1.719075321629735231e+09 -3.400000000000000000e+04 4.052630440000000266e-06
1.719075345827753782e+09 -3.300000000000000000e+04 4.065743180000000242e-06
1.719075369513928890e+09 -3.200000000000000000e+04 4.070311610000000205e-06
1.719075393600844860e+09 -3.100000000000000000e+04 4.075472730000000167e-06
1.719075417886309862e+09 -3.000000000000000000e+04 4.065140120000000108e-06
1.719075433799488068e+09 -2.900000000000000000e+04 4.099850570000000389e-06
1.719075458452064276e+09 -2.800000000000000000e+04 4.064975919999999938e-06
1.719075482738059282e+09 -2.700000000000000000e+04 4.079084140000000110e-06
1.719075498653416395e+09 -2.600000000000000000e+04 4.127855349999999926e-06
1.719075522730217934e+09 -2.500000000000000000e+04 4.063557480000000281e-06
1.719075546537109137e+09 -2.400000000000000000e+04 4.065939069999999959e-06
1.719075570089934587e+09 -2.300000000000000000e+04 4.087921780000000091e-06
1.719075594173154116e+09 -2.200000000000000000e+04 4.074820349999999849e-06
1.719075618052216768e+09 -2.100000000000000000e+04 4.073850280000000136e-06
1.719075642139760733e+09 -2.000000000000000000e+04 4.086184050000000317e-06
1.719075666222834110e+09 -1.900000000000000000e+04 4.079595469999999743e-06
1.719075682139788389e+09 -1.800000000000000000e+04 4.112895389999999625e-06
1.719075704503429174e+09 -1.700000000000000000e+04 4.090416549999999942e-06
1.719075727475713491e+09 -1.600000000000000000e+04 4.096885250000000180e-06
1.719075751561632395e+09 -1.500000000000000000e+04 4.099143390000000337e-06
1.719075775483805418e+09 -1.400000000000000000e+04 4.103167690000000270e-06
1.719075791484198332e+09 -1.300000000000000000e+04 4.116395189999999798e-06
1.719075813764409304e+09 -1.200000000000000000e+04 4.102302960000000243e-06
1.719075836645548344e+09 -1.100000000000000000e+04 4.112469000000000216e-06
1.719075860525712729e+09 -1.000000000000000000e+04 4.120449720000000335e-06
1.719075884201200724e+09 -9.000000000000000000e+03 4.150599100000000245e-06
1.719075908157461405e+09 -8.000000000000000000e+03 4.137217909999999921e-06
1.719075931428226709e+09 -7.000000000000000000e+03 4.109995570000000272e-06
1.719075947352317333e+09 -6.000000000000000000e+03 4.109531359999999619e-06
1.719075970536131144e+09 -5.000000000000000000e+03 4.067136479999999760e-06
1.719075994216071606e+09 -4.000000000000000000e+03 4.070627269999999648e-06
1.719076017295326948e+09 -3.000000000000000000e+03 4.067641380000000420e-06
1.719076040776693106e+09 -2.000000000000000000e+03 4.076541619999999630e-06
1.719076063866286516e+09 -1.000000000000000000e+03 4.105627819999999826e-06
1.719076087226938009e+09 0.000000000000000000e+00 4.093573769999999582e-06
1.719076110104071617e+09 1.000000000000000000e+03 4.109855600000000116e-06
1.719076131573097706e+09 2.000000000000000000e+03 4.098970730000000395e-06
1.719076154842888594e+09 3.000000000000000000e+03 4.090252819999999994e-06
1.719076178123213053e+09 4.000000000000000000e+03 4.074759089999999975e-06
1.719076201414220572e+09 5.000000000000000000e+03 4.074665680000000155e-06
1.719076224720219374e+09 6.000000000000000000e+03 4.085162790000000202e-06
1.719076248549816847e+09 7.000000000000000000e+03 4.087467910000000101e-06
1.719076271830319166e+09 8.000000000000000000e+03 4.139470310000000008e-06
1.719076294966895103e+09 9.000000000000000000e+03 4.143350449999999621e-06
1.719076318242387772e+09 1.000000000000000000e+04 4.109733739999999797e-06
1.719076342131565332e+09 1.100000000000000000e+04 4.108979720000000088e-06
1.719076358048136711e+09 1.200000000000000000e+04 4.111538530000000156e-06
1.719076382032900810e+09 1.300000000000000000e+04 4.102524040000000069e-06
1.719076406125211477e+09 1.400000000000000000e+04 4.111566710000000311e-06
1.719076430270841122e+09 1.500000000000000000e+04 4.103989629999999873e-06
1.719076454162276268e+09 1.600000000000000000e+04 4.094588979999999985e-06
1.719076478446873665e+09 1.700000000000000000e+04 4.106692589999999590e-06
1.719076502280237198e+09 1.800000000000000000e+04 4.097714149999999619e-06
1.719076526156835556e+09 1.900000000000000000e+04 4.096517880000000142e-06
1.719076550043807030e+09 2.000000000000000000e+04 4.101059529999999947e-06
1.719076573938185930e+09 2.100000000000000000e+04 4.095098989999999912e-06
1.719076597624361038e+09 2.200000000000000000e+04 4.090841429999999591e-06
1.719076621570647478e+09 2.300000000000000000e+04 4.098152050000000336e-06
1.719076645681507349e+09 2.400000000000000000e+04 4.088069480000000124e-06
1.719076661602102995e+09 2.500000000000000000e+04 4.103230580000000340e-06
1.719076685405943632e+09 2.600000000000000000e+04 4.094275950000000131e-06
1.719076709487947464e+09 2.700000000000000000e+04 4.097001069999999765e-06
1.719076733498829126e+09 2.800000000000000000e+04 4.085849470000000005e-06
1.719076757377086878e+09 2.900000000000000000e+04 4.095995840000000411e-06
1.719076781598845482e+09 3.000000000000000000e+04 4.088516519999999690e-06
1.719076805437861443e+09 3.100000000000000000e+04 4.100079770000000024e-06
1.719076829526672125e+09 3.200000000000000000e+04 4.095847820000000065e-06
1.719076853378890991e+09 3.300000000000000000e+04 4.105320270000000368e-06
1.719076877162784576e+09 3.400000000000000000e+04 4.104706509999999960e-06
1.719076901451489210e+09 3.500000000000000000e+04 4.095460320000000062e-06
1.719076925334163666e+09 3.600000000000000000e+04 4.092846639999999794e-06
1.719076949221489429e+09 3.700000000000000000e+04 4.087375480000000025e-06
1.719076981320736408e+09 3.800000000000000000e+04 4.090462519999999620e-06
1.719077005215880871e+09 3.900000000000000000e+04 4.095745019999999853e-06
1.719077029306443453e+09 4.000000000000000000e+04 4.095033109999999796e-06
1.719077053181146860e+09 4.100000000000000000e+04 4.106759360000000182e-06
1.719077077066539526e+09 4.200000000000000000e+04 4.129275390000000305e-06
1.719077100943759441e+09 4.300000000000000000e+04 4.097707890000000205e-06
1.719077125016825914e+09 4.400000000000000000e+04 4.117041040000000357e-06
1.719077149096714735e+09 4.500000000000000000e+04 4.111213040000000419e-06
1.719077172972769260e+09 4.600000000000000000e+04 4.113275049999999987e-06
1.719077196661521912e+09 4.700000000000000000e+04 4.096868300000000316e-06
1.719077220541716337e+09 4.800000000000000000e+04 4.100600730000000072e-06
1.719077244517884970e+09 4.900000000000000000e+04 4.117143710000000309e-06
1.719077268590745687e+09 5.000000000000000000e+04 4.119010659999999995e-06
1.719077292484791040e+09 5.100000000000000000e+04 4.123594870000000025e-06
1.719077316361557245e+09 5.200000000000000000e+04 4.146354879999999611e-06
1.719077340040194511e+09 5.300000000000000000e+04 4.116843820000000262e-06
1.719077363810642719e+09 5.400000000000000000e+04 4.135262200000000131e-06
1.719077387686471224e+09 5.500000000000000000e+04 4.132216350000000239e-06
1.719077411777146816e+09 5.600000000000000000e+04 4.131886309999999879e-06
1.719077435652521133e+09 5.700000000000000000e+04 4.133333280000000325e-06
1.719077459735717297e+09 5.800000000000000000e+04 4.138950559999999902e-06
1.719077483561026096e+09 5.900000000000000000e+04 4.117008510000000304e-06
1.719077507244570971e+09 6.000000000000000000e+04 4.138454789999999962e-06
1.719077531123538971e+09 6.100000000000000000e+04 4.130931599999999980e-06
1.719077555001880646e+09 6.200000000000000000e+04 4.116638469999999686e-06
1.719077570923505306e+09 6.300000000000000000e+04 4.134934819999999679e-06
1.719077594903574228e+09 6.400000000000000000e+04 4.139537780000000174e-06
1.719077618780586004e+09 6.500000000000000000e+04 4.140167129999999748e-06
1.719077642558486462e+09 6.600000000000000000e+04 4.122763380000000296e-06
1.719077666397464275e+09 6.700000000000000000e+04 4.123908070000000285e-06
1.719077690480930090e+09 6.800000000000000000e+04 4.154404940000000116e-06
1.719077714155811071e+09 6.900000000000000000e+04 4.148485629999999930e-06
1.719077730089135170e+09 7.000000000000000000e+04 4.121691620000000375e-06
1.719077753873706102e+09 7.100000000000000000e+04 4.120485079999999854e-06
1.719077777556116581e+09 7.200000000000000000e+04 4.154230350000000161e-06
1.719077801338741064e+09 7.300000000000000000e+04 4.145601170000000391e-06
1.719077817249045610e+09 7.400000000000000000e+04 4.186279549999999773e-06
1.719077841134272575e+09 7.500000000000000000e+04 4.136949850000000352e-06
1.719077865014937401e+09 7.600000000000000000e+04 4.150899150000000026e-06
1.719077888902487993e+09 7.700000000000000000e+04 4.180320330000000291e-06
1.719077912984095573e+09 7.800000000000000000e+04 4.165026240000000251e-06
1.719077937065175295e+09 7.900000000000000000e+04 4.148943569999999649e-06
1.719077961141340017e+09 8.000000000000000000e+04 4.183326400000000300e-06
1.719077985226617575e+09 8.100000000000000000e+04 4.183337249999999636e-06
1.719078009314337015e+09 8.200000000000000000e+04 4.195125090000000035e-06
1.719078025235667467e+09 8.300000000000000000e+04 4.228431080000000125e-06
1.719078041152235746e+09 8.400000000000000000e+04 4.266680569999999772e-06
1.719078064933625698e+09 8.500000000000000000e+04 4.289787849999999752e-06
1.719078088578206062e+09 8.600000000000000000e+04 4.292814769999999797e-06
1.719078112115784407e+09 8.700000000000000000e+04 4.265160710000000250e-06
1.719078135995702744e+09 8.800000000000000000e+04 4.257188150000000085e-06
1.719078159940362453e+09 8.900000000000000000e+04 4.267609749999999599e-06
1.719078183416328430e+09 9.000000000000000000e+04 4.291468450000000022e-06
1.719078199535312653e+09 9.000000000000000000e+04 4.273254949999999658e-06
1.719078223409432411e+09 8.900000000000000000e+04 4.292168470000000359e-06
1.719078247489360332e+09 8.800000000000000000e+04 4.288678470000000160e-06
1.719078271167341471e+09 8.700000000000000000e+04 4.293701029999999786e-06
1.719078295059223652e+09 8.600000000000000000e+04 4.282399700000000042e-06
1.719078318328465939e+09 8.500000000000000000e+04 4.301829179999999594e-06
1.719078342009861469e+09 8.400000000000000000e+04 4.300972359999999672e-06
1.719078366185184956e+09 8.300000000000000000e+04 4.290158820000000143e-06
1.719078390278629303e+09 8.200000000000000000e+04 4.295459490000000007e-06
1.719078413343422174e+09 8.100000000000000000e+04 4.280474229999999833e-06
1.719078437418076992e+09 8.000000000000000000e+04 4.305495860000000342e-06
1.719078453336456299e+09 7.900000000000000000e+04 4.325047790000000023e-06
1.719078477117623091e+09 7.800000000000000000e+04 4.293333970000000238e-06
1.719078500192136049e+09 7.700000000000000000e+04 4.315569520000000208e-06
1.719078524154346466e+09 7.600000000000000000e+04 4.311865680000000188e-06
1.719078547832212448e+09 7.500000000000000000e+04 4.295496210000000225e-06
1.719078571917212963e+09 7.400000000000000000e+04 4.325444579999999632e-06
1.719078596209486485e+09 7.300000000000000000e+04 4.327847220000000072e-06
1.719078612130374193e+09 7.200000000000000000e+04 4.266751039999999809e-06
1.719078636714593172e+09 7.100000000000000000e+04 4.298658849999999620e-06
1.719078652682467222e+09 7.000000000000000000e+04 4.317487180000000250e-06
1.719078676462619066e+09 6.900000000000000000e+04 4.305287379999999635e-06
1.719078700136568546e+09 6.800000000000000000e+04 4.312048870000000000e-06
1.719078723313492537e+09 6.700000000000000000e+04 4.309247619999999702e-06
1.719078746993624210e+09 6.600000000000000000e+04 4.325046900000000395e-06
1.719078771275688648e+09 6.500000000000000000e+04 4.327233409999999694e-06
1.719078794961810589e+09 6.400000000000000000e+04 4.317797980000000274e-06
1.719078819049152374e+09 6.300000000000000000e+04 4.315905389999999906e-06
1.719078843128650904e+09 6.200000000000000000e+04 4.306716290000000214e-06
1.719078868424752712e+09 6.100000000000000000e+04 4.317286830000000024e-06
1.719078892101791859e+09 6.000000000000000000e+04 4.306705810000000315e-06
1.719078916197377205e+09 5.900000000000000000e+04 4.329622659999999631e-06
1.719078940074498892e+09 5.800000000000000000e+04 4.342172460000000166e-06
1.719078964160340548e+09 5.700000000000000000e+04 4.337986710000000085e-06
1.719078988255327463e+09 5.600000000000000000e+04 4.336160479999999880e-06
1.719079012328495502e+09 5.500000000000000000e+04 4.333745880000000101e-06
1.719079035809135437e+09 5.400000000000000000e+04 4.307031100000000173e-06
1.719079059694328547e+09 5.300000000000000000e+04 4.338980350000000382e-06
1.719079084395592451e+09 5.200000000000000000e+04 4.327033609999999981e-06
1.719079108472437620e+09 5.100000000000000000e+04 4.340114259999999807e-06
1.719079132349167109e+09 5.000000000000000000e+04 4.327662649999999913e-06
1.719079156230441809e+09 4.900000000000000000e+04 4.347932859999999678e-06
1.719079179195796490e+09 4.800000000000000000e+04 4.327645769999999667e-06
1.719079195113980055e+09 4.700000000000000000e+04 4.287858240000000196e-06
1.719079219297729015e+09 4.600000000000000000e+04 4.367948769999999813e-06
1.719079243392478704e+09 4.500000000000000000e+04 4.346219519999999652e-06
1.719079266870251417e+09 4.400000000000000000e+04 4.349339409999999614e-06
1.719079290947083473e+09 4.300000000000000000e+04 4.354552069999999766e-06
1.719079314923702002e+09 4.200000000000000000e+04 4.358019520000000115e-06
1.719079339006552219e+09 4.100000000000000000e+04 4.356826750000000205e-06
1.719079371167691708e+09 4.000000000000000000e+04 4.364364099999999883e-06
1.719079395751365423e+09 3.900000000000000000e+04 4.363709600000000346e-06
1.719079420230175018e+09 3.800000000000000000e+04 4.363622490000000086e-06
1.719079444787675858e+09 3.700000000000000000e+04 4.366976240000000071e-06
1.719079468667050600e+09 3.600000000000000000e+04 4.374642640000000103e-06
1.719079492574228525e+09 3.500000000000000000e+04 4.362740679999999934e-06
1.719079516251019239e+09 3.400000000000000000e+04 4.376130299999999710e-06
1.719079540464300871e+09 3.300000000000000000e+04 4.370081799999999932e-06
1.719079564456410646e+09 3.200000000000000000e+04 4.369969860000000023e-06
1.719079588336007833e+09 3.100000000000000000e+04 4.371273559999999778e-06
1.719079612217477322e+09 3.000000000000000000e+04 4.369777949999999920e-06
1.719079636297903299e+09 2.900000000000000000e+04 4.383562969999999980e-06
1.719079660180257320e+09 2.800000000000000000e+04 4.385048259999999672e-06
1.719079684671237469e+09 2.700000000000000000e+04 4.390910659999999882e-06
1.719079708369164705e+09 2.600000000000000000e+04 4.387898340000000282e-06
1.719079732253667355e+09 2.500000000000000000e+04 4.383557669999999812e-06
1.719079756333936691e+09 2.400000000000000000e+04 4.393095629999999947e-06
1.719079780414064646e+09 2.300000000000000000e+04 4.396949040000000219e-06
1.719079804095364332e+09 2.200000000000000000e+04 4.409541169999999934e-06
1.719079828293439627e+09 2.100000000000000000e+04 4.398046760000000289e-06
1.719079852075184822e+09 2.000000000000000000e+04 4.403507000000000257e-06
1.719079875965032816e+09 1.900000000000000000e+04 4.399386239999999816e-06
1.719079899243974447e+09 1.800000000000000000e+04 4.401640329999999893e-06
1.719079915162837505e+09 1.700000000000000000e+04 4.373699180000000144e-06
1.719079939046358347e+09 1.600000000000000000e+04 4.419038870000000139e-06
1.719079954964726686e+09 1.500000000000000000e+04 4.409782089999999731e-06
1.719079978953295708e+09 1.400000000000000000e+04 4.414146130000000060e-06
1.719079994868797302e+09 1.300000000000000000e+04 4.391999040000000376e-06
1.719080018949145555e+09 1.200000000000000000e+04 4.434753280000000228e-06
1.719080042228250980e+09 1.100000000000000000e+04 4.448842429999999622e-06
1.719080065906662703e+09 1.000000000000000000e+04 4.463256519999999934e-06
1.719080089589845419e+09 9.000000000000000000e+03 4.481648509999999577e-06
1.719080113095779419e+09 8.000000000000000000e+03 4.468908600000000387e-06
1.719080136973818541e+09 7.000000000000000000e+03 4.438442350000000244e-06
1.719080160656417370e+09 6.000000000000000000e+03 4.415238939999999896e-06
1.719080185332288265e+09 5.000000000000000000e+03 4.405667429999999819e-06
1.719080208890805244e+09 4.000000000000000000e+03 4.397933520000000323e-06
1.719080232973173618e+09 3.000000000000000000e+03 4.410911619999999784e-06
1.719080256457087517e+09 2.000000000000000000e+03 4.426597100000000173e-06
1.719080279859402895e+09 1.000000000000000000e+03 4.447909669999999937e-06
1.719080303032207966e+09 0.000000000000000000e+00 4.426289659999999632e-06
1.719080326308173418e+09 -1.000000000000000000e+03 4.430228820000000312e-06
1.719080347771449327e+09 -2.000000000000000000e+03 4.424014519999999642e-06
1.719080371045180321e+09 -3.000000000000000000e+03 4.410033060000000198e-06
1.719080394322572708e+09 -4.000000000000000000e+03 4.409127949999999806e-06
1.719080418212712765e+09 -5.000000000000000000e+03 4.411558240000000384e-06
1.719080442099882603e+09 -6.000000000000000000e+03 4.419069810000000142e-06
1.719080466188730001e+09 -7.000000000000000000e+03 4.448209250000000342e-06
1.719080490076116323e+09 -8.000000000000000000e+03 4.475744170000000120e-06
1.719080514160935402e+09 -9.000000000000000000e+03 4.502873090000000125e-06
1.719080546662016630e+09 -1.000000000000000000e+04 4.472450339999999807e-06
1.719080570588706732e+09 -1.100000000000000000e+04 4.464755409999999832e-06
1.719080594488344431e+09 -1.200000000000000000e+04 4.448080249999999958e-06
1.719080618571017504e+09 -1.300000000000000000e+04 4.448442050000000331e-06
1.719080642620995760e+09 -1.400000000000000000e+04 4.449786280000000360e-06
1.719080658534606695e+09 -1.500000000000000000e+04 4.452463740000000326e-06
1.719080682519738913e+09 -1.600000000000000000e+04 4.454742039999999921e-06
1.719080706296478271e+09 -1.700000000000000000e+04 4.451225669999999992e-06
1.719080730079080105e+09 -1.800000000000000000e+04 4.455887229999999606e-06
1.719080753855783701e+09 -1.900000000000000000e+04 4.461091890000000383e-06
1.719080778341317892e+09 -2.000000000000000000e+04 4.451926520000000163e-06
1.719080794256751299e+09 -2.100000000000000000e+04 4.469014739999999585e-06
1.719080818643584728e+09 -2.200000000000000000e+04 4.471625590000000387e-06
1.719080843332337379e+09 -2.300000000000000000e+04 4.467370599999999860e-06
1.719080867406989098e+09 -2.400000000000000000e+04 4.452057289999999980e-06
1.719080892095258951e+09 -2.500000000000000000e+04 4.453561270000000343e-06
1.719080915974574089e+09 -2.600000000000000000e+04 4.452402730000000300e-06
1.719080939851453066e+09 -2.700000000000000000e+04 4.466345220000000046e-06
1.719080963831582785e+09 -2.800000000000000000e+04 4.444920820000000136e-06
1.719080987820693493e+09 -2.900000000000000000e+04 4.435096779999999863e-06
1.719081011702589035e+09 -3.000000000000000000e+04 4.455804900000000168e-06
1.719081035680246115e+09 -3.100000000000000000e+04 4.450550269999999602e-06
1.719081059671583652e+09 -3.200000000000000000e+04 4.467893639999999831e-06
1.719081083782849312e+09 -3.300000000000000000e+04 4.462798609999999689e-06
1.719081107858695507e+09 -3.400000000000000000e+04 4.452289170000000020e-06
1.719081131732743740e+09 -3.500000000000000000e+04 4.455424250000000238e-06
1.719081155474693775e+09 -3.600000000000000000e+04 4.448889510000000151e-06
1.719081179762202740e+09 -3.700000000000000000e+04 4.443408679999999820e-06
1.719081203667310476e+09 -3.800000000000000000e+04 4.464328139999999771e-06
1.719081227744232416e+09 -3.900000000000000000e+04 4.464024750000000157e-06
1.719081251822427273e+09 -4.000000000000000000e+04 4.434390060000000209e-06
1.719081275861600161e+09 -4.100000000000000000e+04 4.459255560000000387e-06
1.719081299949628115e+09 -4.200000000000000000e+04 4.439057209999999984e-06
1.719081324439739227e+09 -4.300000000000000000e+04 4.443862340000000107e-06
1.719081349008515835e+09 -4.400000000000000000e+04 4.446914049999999657e-06
1.719081373087239027e+09 -4.500000000000000000e+04 4.431249869999999877e-06
1.719081397366575003e+09 -4.600000000000000000e+04 4.447341789999999940e-06
1.719081422065783501e+09 -4.700000000000000000e+04 4.456918189999999756e-06
1.719081446750098228e+09 -4.800000000000000000e+04 4.430514130000000409e-06
1.719081471394083500e+09 -4.900000000000000000e+04 4.457500509999999618e-06
1.719081496081720591e+09 -5.000000000000000000e+04 4.459115849999999903e-06
1.719081520971660376e+09 -5.100000000000000000e+04 4.445764759999999923e-06
1.719081545677400351e+09 -5.200000000000000000e+04 4.429609530000000384e-06
1.719081570359393358e+09 -5.300000000000000000e+04 4.454015280000000417e-06
1.719081595044958830e+09 -5.400000000000000000e+04 4.455371329999999701e-06
1.719081619531512737e+09 -5.500000000000000000e+04 4.471475570000000409e-06
1.719081635498981953e+09 -5.600000000000000000e+04 4.528666719999999920e-06
1.719081659488722801e+09 -5.700000000000000000e+04 4.459662530000000078e-06
1.719081683568803072e+09 -5.800000000000000000e+04 4.447456030000000146e-06
1.719081707658560753e+09 -5.900000000000000000e+04 4.445939069999999709e-06
1.719081731803328037e+09 -6.000000000000000000e+04 4.460033090000000040e-06
1.719081747717428446e+09 -6.100000000000000000e+04 4.536891409999999678e-06
1.719081772305727005e+09 -6.200000000000000000e+04 4.421101549999999809e-06
1.719081796402503729e+09 -6.300000000000000000e+04 4.429425469999999746e-06
1.719081820485610247e+09 -6.400000000000000000e+04 4.425227399999999867e-06
1.719081844565059662e+09 -6.500000000000000000e+04 4.436673640000000323e-06
1.719081868838109732e+09 -6.600000000000000000e+04 4.412942350000000234e-06
1.719081892920611858e+09 -6.700000000000000000e+04 4.409865199999999881e-06
1.719081916794521570e+09 -6.800000000000000000e+04 4.426316159999999622e-06
1.719081941272930861e+09 -6.900000000000000000e+04 4.414109820000000272e-06
1.719081965963688374e+09 -7.000000000000000000e+04 4.401878230000000171e-06
1.719081990647649765e+09 -7.100000000000000000e+04 4.452360780000000381e-06
1.719082014755869150e+09 -7.200000000000000000e+04 4.432584549999999780e-06
1.719082039640996695e+09 -7.300000000000000000e+04 4.415982650000000111e-06
1.719082064570042372e+09 -7.400000000000000000e+04 4.403416070000000117e-06
1.719082089283534288e+09 -7.500000000000000000e+04 4.428520479999999788e-06
1.719082113354907751e+09 -7.600000000000000000e+04 4.408417389999999775e-06
1.719082137435984850e+09 -7.700000000000000000e+04 4.442479949999999719e-06
1.719082162120764017e+09 -7.800000000000000000e+04 4.405219850000000411e-06
1.719082186779800177e+09 -7.900000000000000000e+04 4.431130839999999872e-06
1.719082211470521927e+09 -8.000000000000000000e+04 4.435085049999999876e-06
1.719082236219708920e+09 -8.100000000000000000e+04 4.421239470000000363e-06
1.719082261103564262e+09 -8.200000000000000000e+04 4.433022979999999666e-06
1.719082285789094925e+09 -8.300000000000000000e+04 4.413228680000000221e-06
1.719082310474810839e+09 -8.400000000000000000e+04 4.390050559999999920e-06
1.719082335159446716e+09 -8.500000000000000000e+04 4.421535750000000232e-06
1.719082359845511436e+09 -8.600000000000000000e+04 4.408643569999999890e-06
1.719082384329420090e+09 -8.700000000000000000e+04 4.441511560000000172e-06
1.719082408807744026e+09 -8.800000000000000000e+04 4.402264910000000163e-06
1.719082433293441534e+09 -8.900000000000000000e+04 4.438527060000000268e-06
1.719082457790558100e+09 -9.000000000000000000e+04 4.423282269999999916e-06
