1.718877185959612608e+09 -9.000000000000000000e+04 -1.665396089999999848e-05
1.718877220022566557e+09 -8.700000000000000000e+04 -1.670835239999999926e-05
1.718877247993018866e+09 -8.400000000000000000e+04 -1.663477469999999881e-05
1.718877275960547924e+09 -8.100000000000000000e+04 -1.665110770000000095e-05
1.718877310170363903e+09 -7.800000000000000000e+04 -1.682298130000000090e-05
1.718877345248713017e+09 -7.500000000000000000e+04 -1.687123150000000154e-05
1.718877373213010073e+09 -7.200000000000000000e+04 -1.683281170000000052e-05
1.718877401178441763e+09 -6.900000000000000000e+04 -1.689866430000000103e-05
1.718877434769590378e+09 -6.600000000000000000e+04 -1.694766109999999861e-05
1.718877462733325005e+09 -6.300000000000000000e+04 -1.693923690000000167e-05
1.718877490699284315e+09 -6.000000000000000000e+04 -1.696196649999999958e-05
1.718877524280278206e+09 -5.700000000000000000e+04 -1.707874570000000067e-05
1.718877557543988228e+09 -5.400000000000000000e+04 -1.713081349999999895e-05
1.718877591328640938e+09 -5.100000000000000000e+04 -1.715115900000000056e-05
1.718877619331994772e+09 -4.800000000000000000e+04 -1.715266239999999840e-05
1.718877653108926296e+09 -4.500000000000000000e+04 -1.724299139999999921e-05
1.718877684655459166e+09 -4.200000000000000000e+04 -1.726333790000000022e-05
1.718877712625795841e+09 -3.900000000000000000e+04 -1.726049979999999859e-05
1.718877745696282625e+09 -3.600000000000000000e+04 -1.729843079999999849e-05
1.718877777159477234e+09 -3.300000000000000000e+04 -1.728534319999999950e-05
1.718877810465186357e+09 -3.000000000000000000e+04 -1.722159179999999947e-05
1.718877843769180775e+09 -2.700000000000000000e+04 -1.721460090000000062e-05
1.718877876680516005e+09 -2.400000000000000000e+04 -1.707039770000000147e-05
1.718877908642575264e+09 -2.100000000000000000e+04 -1.686153139999999897e-05
1.718877941715471983e+09 -1.800000000000000000e+04 -1.652311310000000160e-05
1.718877974680228710e+09 -1.500000000000000000e+04 -1.609635549999999883e-05
1.718878007565050125e+09 -1.200000000000000000e+04 -1.559166400000000001e-05
1.718878039939430475e+09 -9.000000000000000000e+03 -1.504411019999999940e-05
1.718878067906951666e+09 -6.000000000000000000e+03 -1.446466309999999932e-05
1.718878100459088326e+09 -3.000000000000000000e+03 -1.393638460000000013e-05
1.718878133630393267e+09 0.000000000000000000e+00 -1.336918769999999968e-05
1.718878166090369225e+09 3.000000000000000000e+03 -1.278164169999999980e-05
1.718878197240357161e+09 6.000000000000000000e+03 -1.221096950000000039e-05
1.718878230308832884e+09 9.000000000000000000e+03 -1.169104619999999941e-05
1.718878263492083788e+09 1.200000000000000000e+04 -1.114018690000000000e-05
1.718878296566273689e+09 1.500000000000000000e+04 -1.068205989999999956e-05
1.718878329932220221e+09 1.800000000000000000e+04 -1.028605519999999977e-05
1.718878363784457207e+09 2.100000000000000000e+04 -9.971770030000000733e-06
1.718878396868535757e+09 2.400000000000000000e+04 -9.635217999999999742e-06
1.718878429962430239e+09 2.700000000000000000e+04 -9.438913169999999661e-06
1.718878463036323309e+09 3.000000000000000000e+04 -9.407121030000000373e-06
1.718878496606560469e+09 3.300000000000000000e+04 -9.426704819999999160e-06
1.718878529670594215e+09 3.600000000000000000e+04 -9.429818989999999549e-06
1.718878563048523426e+09 3.900000000000000000e+04 -9.485748569999999453e-06
1.718878596562102795e+09 4.200000000000000000e+04 -9.495712670000000844e-06
1.718878624529897213e+09 4.500000000000000000e+04 -9.499551400000000380e-06
1.718878658403394699e+09 4.800000000000000000e+04 -9.561002430000000156e-06
1.718878691923301458e+09 5.100000000000000000e+04 -9.577748330000000412e-06
1.718878724988300323e+09 5.400000000000000000e+04 -9.586023090000000746e-06
1.718878757963894606e+09 5.700000000000000000e+04 -9.680871930000000382e-06
1.718878791854764462e+09 6.000000000000000000e+04 -9.633114839999999768e-06
1.718878824964403629e+09 6.300000000000000000e+04 -9.681513690000000715e-06
1.718878858032986641e+09 6.600000000000000000e+04 -9.705446210000000834e-06
1.718878891009022713e+09 6.900000000000000000e+04 -9.759013389999999732e-06
1.718878924356770754e+09 7.200000000000000000e+04 -9.780918819999999899e-06
1.718878952324381590e+09 7.500000000000000000e+04 -9.739793409999999928e-06
1.718878980300273418e+09 7.800000000000000000e+04 -9.783136589999999515e-06
1.718879013058310509e+09 8.100000000000000000e+04 -9.824563969999999455e-06
1.718879046134755373e+09 8.400000000000000000e+04 -9.877807910000000637e-06
1.718879078892765284e+09 8.700000000000000000e+04 -9.910128160000000711e-06
1.718879121084476948e+09 9.000000000000000000e+04 -9.923124229999999926e-06
1.718879133083226442e+09 9.000000000000000000e+04 -9.949608480000000688e-06
1.718879161154211044e+09 8.700000000000000000e+04 -9.935585079999999456e-06
1.718879194112749815e+09 8.400000000000000000e+04 -9.889877529999999551e-06
1.718879225479674578e+09 8.100000000000000000e+04 -9.863539399999999443e-06
1.718879259160266161e+09 7.800000000000000000e+04 -9.834735419999999359e-06
1.718879292244470835e+09 7.500000000000000000e+04 -9.839137470000000138e-06
1.718879325215982199e+09 7.200000000000000000e+04 -9.822098709999999290e-06
1.718879358281893730e+09 6.900000000000000000e+04 -9.807959169999999854e-06
1.718879390444217682e+09 6.600000000000000000e+04 -9.848107659999999193e-06
1.718879418421418667e+09 6.300000000000000000e+04 -9.837175949999999813e-06
1.718879451811251640e+09 6.000000000000000000e+04 -9.780920489999999392e-06
1.718879485199197531e+09 5.700000000000000000e+04 -9.760211400000000015e-06
1.718879513176413536e+09 5.400000000000000000e+04 -9.805544789999999603e-06
1.718879546363043547e+09 5.100000000000000000e+04 -9.731094669999999398e-06
1.718879579539438009e+09 4.800000000000000000e+04 -9.724898249999999213e-06
1.718879607510000229e+09 4.500000000000000000e+04 -9.734028059999999188e-06
1.718879635480302095e+09 4.200000000000000000e+04 -9.711824460000000132e-06
1.718879668838768721e+09 3.900000000000000000e+04 -9.666509379999999412e-06
1.718879696807931900e+09 3.600000000000000000e+04 -9.703563499999999883e-06
1.718879724778134584e+09 3.300000000000000000e+04 -9.660546320000000400e-06
1.718879758195356607e+09 3.000000000000000000e+04 -9.602558139999999533e-06
1.718879787162177801e+09 2.700000000000000000e+04 -9.648429760000000195e-06
1.718879815131160736e+09 2.400000000000000000e+04 -9.884306659999999556e-06
1.718879848288202286e+09 2.100000000000000000e+04 -1.017884400000000022e-05
1.718879881360929728e+09 1.800000000000000000e+04 -1.051636179999999930e-05
1.718879914730898142e+09 1.500000000000000000e+04 -1.096570239999999928e-05
1.718879946194038391e+09 1.200000000000000000e+04 -1.143436189999999960e-05
1.718879978554077625e+09 9.000000000000000000e+03 -1.200894399999999986e-05
1.718880011020352602e+09 6.000000000000000000e+03 -1.252282440000000019e-05
1.718880041767186642e+09 3.000000000000000000e+03 -1.312870510000000048e-05
1.718880074325960398e+09 0.000000000000000000e+00 -1.369037420000000068e-05
1.718880106595235586e+09 -3.000000000000000000e+03 -1.428216749999999966e-05
1.718880137955879211e+09 -6.000000000000000000e+03 -1.483819340000000028e-05
1.718880165920893192e+09 -9.000000000000000000e+03 -1.546393879999999958e-05
1.718880198880207539e+09 -1.200000000000000000e+04 -1.594567279999999838e-05
1.718880232453746796e+09 -1.500000000000000000e+04 -1.649369000000000030e-05
1.718880266121824980e+09 -1.800000000000000000e+04 -1.693506090000000160e-05
1.718880299319431782e+09 -2.100000000000000000e+04 -1.731314029999999953e-05
1.718880332380922794e+09 -2.400000000000000000e+04 -1.754196369999999912e-05
1.718880365558833361e+09 -2.700000000000000000e+04 -1.770085519999999864e-05
1.718880398624681711e+09 -3.000000000000000000e+04 -1.777924509999999881e-05
1.718880431797339916e+09 -3.300000000000000000e+04 -1.778452290000000021e-05
1.718880464856834650e+09 -3.600000000000000000e+04 -1.780440040000000161e-05
1.718880498423455954e+09 -3.900000000000000000e+04 -1.777965169999999907e-05
1.718880532343702793e+09 -4.200000000000000000e+04 -1.779878040000000149e-05
1.718880566315507650e+09 -4.500000000000000000e+04 -1.771816980000000060e-05
1.718880600183280706e+09 -4.800000000000000000e+04 -1.775293800000000136e-05
1.718880633489095926e+09 -5.100000000000000000e+04 -1.770145750000000026e-05
1.718880666868421316e+09 -5.400000000000000000e+04 -1.771296490000000065e-05
1.718880700133228779e+09 -5.700000000000000000e+04 -1.766703339999999876e-05
1.718880733400347233e+09 -6.000000000000000000e+04 -1.765386259999999951e-05
1.718880766576975822e+09 -6.300000000000000000e+04 -1.761440510000000057e-05
1.718880799641266584e+09 -6.600000000000000000e+04 -1.763508330000000161e-05
1.718880832612088203e+09 -6.900000000000000000e+04 -1.756277309999999836e-05
1.718880867494262695e+09 -7.200000000000000000e+04 -1.755594209999999889e-05
1.718880901277663231e+09 -7.500000000000000000e+04 -1.750915279999999989e-05
1.718880934958206415e+09 -7.800000000000000000e+04 -1.748963689999999898e-05
1.718880968963482857e+09 -8.100000000000000000e+04 -1.750073220000000076e-05
1.718881002633417130e+09 -8.400000000000000000e+04 -1.745833710000000138e-05
1.718881036611188412e+09 -8.700000000000000000e+04 -1.746475479999999957e-05
1.718881070291729212e+09 -9.000000000000000000e+04 -1.744157960000000139e-05
