1.719066174627528906e+09 -9.000000000000000000e+04 4.945548520000000161e-06
1.719066210216809034e+09 -8.700000000000000000e+04 4.938947640000000285e-06
1.719066244091531038e+09 -8.400000000000000000e+04 4.941338770000000265e-06
1.719066277259722233e+09 -8.100000000000000000e+04 4.967492829999999910e-06
1.719066310525051832e+09 -7.800000000000000000e+04 4.992666149999999890e-06
1.719066342275497675e+09 -7.500000000000000000e+04 4.972770840000000161e-06
1.719066375538947582e+09 -7.200000000000000000e+04 4.972202420000000323e-06
1.719066408711529970e+09 -6.900000000000000000e+04 4.960033899999999674e-06
1.719066442633237362e+09 -6.600000000000000000e+04 4.990942890000000302e-06
1.719066475915129900e+09 -6.300000000000000000e+04 4.901943049999999701e-06
1.719066509035930634e+09 -6.000000000000000000e+04 4.943966660000000199e-06
1.719066540987241983e+09 -5.700000000000000000e+04 4.913925439999999615e-06
1.719066574648728371e+09 -5.400000000000000000e+04 4.964335259999999636e-06
1.719066608021112680e+09 -5.100000000000000000e+04 4.964975760000000058e-06
1.719066641488474607e+09 -4.800000000000000000e+04 4.950330690000000006e-06
1.719066674557341814e+09 -4.500000000000000000e+04 4.956600349999999900e-06
1.719066706917658806e+09 -4.200000000000000000e+04 4.951752319999999588e-06
1.719066734890978098e+09 -3.900000000000000000e+04 5.001215280000000023e-06
1.719066767945683241e+09 -3.600000000000000000e+04 4.993924010000000226e-06
1.719066795915016651e+09 -3.300000000000000000e+04 5.021264459999999931e-06
1.719066827360353947e+09 -3.000000000000000000e+04 4.985580279999999791e-06
1.719066860422515154e+09 -2.700000000000000000e+04 5.021128670000000115e-06
1.719066893588584423e+09 -2.400000000000000000e+04 5.019044860000000241e-06
1.719066926648740768e+09 -2.100000000000000000e+04 4.979071770000000196e-06
1.719066960610237598e+09 -1.800000000000000000e+04 4.987962080000000019e-06
1.719066993565762043e+09 -1.500000000000000000e+04 4.986403960000000200e-06
1.719067024817814589e+09 -1.200000000000000000e+04 5.018755859999999676e-06
1.719067057323927879e+09 -9.000000000000000000e+03 5.084016690000000135e-06
1.719067089681568861e+09 -6.000000000000000000e+03 4.966107959999999844e-06
1.719067122140511513e+09 -3.000000000000000000e+03 4.945523270000000258e-06
1.719067154306001902e+09 0.000000000000000000e+00 4.966757129999999740e-06
1.719067182274283171e+09 3.000000000000000000e+03 5.010412450000000401e-06
1.719067212920925140e+09 6.000000000000000000e+03 4.938396879999999710e-06
1.719067245175297260e+09 9.000000000000000000e+03 4.996686420000000239e-06
1.719067278138231516e+09 1.200000000000000000e+04 4.933138320000000345e-06
1.719067311210839033e+09 1.500000000000000000e+04 4.889523030000000263e-06
1.719067344164377451e+09 1.800000000000000000e+04 4.885973850000000112e-06
1.719067377128287077e+09 2.100000000000000000e+04 4.909529200000000218e-06
1.719067410192709208e+09 2.400000000000000000e+04 4.906795489999999705e-06
1.719067443127131939e+09 2.700000000000000000e+04 4.885718099999999669e-06
1.719067476048084497e+09 3.000000000000000000e+04 4.877756060000000396e-06
1.719067510726081133e+09 3.300000000000000000e+04 4.867846290000000210e-06
1.719067543483140707e+09 3.600000000000000000e+04 4.878385210000000091e-06
1.719067576566316128e+09 3.900000000000000000e+04 4.863307369999999933e-06
1.719067610191445351e+09 4.200000000000000000e+04 4.860729739999999781e-06
1.719067643254394770e+09 4.500000000000000000e+04 4.845950030000000062e-06
1.719067676314973354e+09 4.800000000000000000e+04 4.809628759999999799e-06
1.719067709076042414e+09 5.100000000000000000e+04 4.839794059999999860e-06
1.719067742374140501e+09 5.400000000000000000e+04 4.858780960000000354e-06
1.719067775555706739e+09 5.700000000000000000e+04 4.828056870000000024e-06
1.719067808663302422e+09 6.000000000000000000e+04 4.794290829999999972e-06
1.719067841728217840e+09 6.300000000000000000e+04 4.818072700000000156e-06
1.719067874847604275e+09 6.600000000000000000e+04 4.801501070000000389e-06
1.719067907815090179e+09 6.900000000000000000e+04 4.811980570000000294e-06
1.719067940895863056e+09 7.200000000000000000e+04 4.787621750000000034e-06
1.719067974004222631e+09 7.500000000000000000e+04 4.780020450000000253e-06
1.719068001973010778e+09 7.800000000000000000e+04 4.803975489999999900e-06
1.719068034745405197e+09 8.100000000000000000e+04 4.792229149999999694e-06
1.719068067803700209e+09 8.400000000000000000e+04 4.768582100000000254e-06
1.719068100557879925e+09 8.700000000000000000e+04 4.771017840000000062e-06
1.719068133315819263e+09 9.000000000000000000e+04 4.753289149999999691e-06
1.719068146318162680e+09 9.000000000000000000e+04 4.759456290000000389e-06
1.719068179283589602e+09 8.700000000000000000e+04 4.780049560000000182e-06
1.719068210833816290e+09 8.400000000000000000e+04 4.741551009999999585e-06
1.719068244141988516e+09 8.100000000000000000e+04 4.813236030000000395e-06
1.719068277404537201e+09 7.800000000000000000e+04 4.724977580000000064e-06
1.719068310563792706e+09 7.500000000000000000e+04 4.782028570000000212e-06
1.719068343839377165e+09 7.200000000000000000e+04 4.727700200000000370e-06
1.719068376930779457e+09 6.900000000000000000e+04 4.720564439999999926e-06
1.719068408519000292e+09 6.600000000000000000e+04 4.763395980000000238e-06
1.719068441680188179e+09 6.300000000000000000e+04 4.731921060000000123e-06
1.719068474746964455e+09 6.000000000000000000e+04 4.753774360000000288e-06
1.719068508442435503e+09 5.700000000000000000e+04 4.754094349999999979e-06
1.719068541383192778e+09 5.400000000000000000e+04 4.771812739999999833e-06
1.719068575647420883e+09 5.100000000000000000e+04 4.739543229999999588e-06
1.719068608606381416e+09 4.800000000000000000e+04 4.757425519999999794e-06
1.719068636576585531e+09 4.500000000000000000e+04 4.711543520000000019e-06
1.719068664541625261e+09 4.200000000000000000e+04 4.725836950000000130e-06
1.719068695890925884e+09 3.900000000000000000e+04 4.763416479999999639e-06
1.719068729221604824e+09 3.600000000000000000e+04 4.766283049999999716e-06
1.719068762176064014e+09 3.300000000000000000e+04 4.753174989999999776e-06
1.719068795284060478e+09 3.000000000000000000e+04 4.761033950000000363e-06
1.719068828343861818e+09 2.700000000000000000e+04 4.809194919999999834e-06
1.719068861274712563e+09 2.400000000000000000e+04 4.814795640000000325e-06
1.719068893104355335e+09 2.100000000000000000e+04 4.797903029999999605e-06
1.719068921071388721e+09 1.800000000000000000e+04 4.740346670000000268e-06
1.719068954036391735e+09 1.500000000000000000e+04 4.820684130000000097e-06
1.719068985846490622e+09 1.200000000000000000e+04 4.834720219999999716e-06
1.719069018921063662e+09 9.000000000000000000e+03 4.842434779999999960e-06
1.719069051631628275e+09 6.000000000000000000e+03 4.755971070000000166e-06
1.719069084189893007e+09 3.000000000000000000e+03 4.748329610000000394e-06
1.719069115041462183e+09 0.000000000000000000e+00 4.753526539999999601e-06
1.719069148209501982e+09 -3.000000000000000000e+03 4.753062039999999802e-06
1.719069181278490782e+09 -6.000000000000000000e+03 4.738860090000000344e-06
1.719069230917387962e+09 -9.000000000000000000e+03 4.876558960000000237e-06
1.719069276655837297e+09 -1.200000000000000000e+04 4.791034230000000244e-06
1.719069309722342730e+09 -1.500000000000000000e+04 4.806648749999999877e-06
1.719069343492910862e+09 -1.800000000000000000e+04 4.758043219999999671e-06
1.719069376464301348e+09 -2.100000000000000000e+04 4.809618220000000105e-06
1.719069409529330254e+09 -2.400000000000000000e+04 4.764519290000000174e-06
1.719069442501432657e+09 -2.700000000000000000e+04 4.761475869999999991e-06
1.719069475785058260e+09 -3.000000000000000000e+04 4.778348630000000069e-06
1.719069509692274094e+09 -3.300000000000000000e+04 4.763849819999999908e-06
1.719069543602674007e+09 -3.600000000000000000e+04 4.761366259999999852e-06
1.719069577159781933e+09 -3.900000000000000000e+04 4.771452069999999959e-06
1.719069610332739353e+09 -4.200000000000000000e+04 4.787189000000000423e-06
1.719069644216991186e+09 -4.500000000000000000e+04 4.795273889999999584e-06
1.719069690089973688e+09 -4.800000000000000000e+04 4.772472210000000247e-06
1.719069723053061485e+09 -5.100000000000000000e+04 4.750791929999999635e-06
1.719069756424546003e+09 -5.400000000000000000e+04 4.774821759999999744e-06
1.719069789733325720e+09 -5.700000000000000000e+04 4.755979570000000083e-06
1.719069822971727133e+09 -6.000000000000000000e+04 4.755372859999999626e-06
1.719069856036738634e+09 -6.300000000000000000e+04 4.761127540000000411e-06
1.719069889348519564e+09 -6.600000000000000000e+04 4.731251090000000160e-06
1.719069922640511751e+09 -6.900000000000000000e+04 4.783299440000000097e-06
1.719069956220924854e+09 -7.200000000000000000e+04 4.724163520000000247e-06
1.719069990092036009e+09 -7.500000000000000000e+04 4.737611209999999972e-06
1.719070023671509027e+09 -7.800000000000000000e+04 4.723132930000000380e-06
1.719070057471393824e+09 -8.100000000000000000e+04 4.763032990000000419e-06
1.719070091406038284e+09 -8.400000000000000000e+04 4.738107360000000020e-06
1.719070125089607477e+09 -8.700000000000000000e+04 4.749152060000000365e-06
1.719070158867143393e+09 -9.000000000000000000e+04 4.711871229999999762e-06
