1.711640269650859833e+09 -9.000000000000000000e+04 -1.627315890000000158e-05
1.711640308221822262e+09 -8.700000000000000000e+04 -1.628282219999999941e-05
1.711640366494869947e+09 -8.400000000000000000e+04 -1.634944059999999874e-05
1.711640378191087961e+09 -8.100000000000000000e+04 -1.634550109999999894e-05
1.711640420723953724e+09 -7.800000000000000000e+04 -1.636349650000000055e-05
1.711640454725696564e+09 -7.500000000000000000e+04 -1.642142779999999837e-05
1.711640488556017160e+09 -7.200000000000000000e+04 -1.641271790000000056e-05
1.711640522520176649e+09 -6.900000000000000000e+04 -1.641647929999999846e-05
1.711640556589224815e+09 -6.600000000000000000e+04 -1.652238800000000008e-05
1.711640590355349302e+09 -6.300000000000000000e+04 -1.647917339999999893e-05
1.711640622205530167e+09 -6.000000000000000000e+04 -1.654642459999999997e-05
1.711640655564275265e+09 -5.700000000000000000e+04 -1.652101359999999839e-05
1.711640688834993124e+09 -5.400000000000000000e+04 -1.657947799999999922e-05
1.711640722193288565e+09 -5.100000000000000000e+04 -1.658429510000000105e-05
1.711640755741389513e+09 -4.800000000000000000e+04 -1.654109740000000149e-05
1.711640788006926060e+09 -4.500000000000000000e+04 -1.656545650000000022e-05
1.711640821975441456e+09 -4.200000000000000000e+04 -1.661989829999999924e-05
1.711640855237532377e+09 -3.900000000000000000e+04 -1.664772850000000118e-05
1.711640888346214056e+09 -3.600000000000000000e+04 -1.662266719999999886e-05
1.711640921317069292e+09 -3.300000000000000000e+04 -1.665404499999999989e-05
1.711640954582909584e+09 -3.000000000000000000e+04 -1.666876880000000072e-05
1.711640986733025551e+09 -2.700000000000000000e+04 -1.670263119999999964e-05
1.711641020995791435e+09 -2.400000000000000000e+04 -1.671812280000000147e-05
1.711641053976680756e+09 -2.100000000000000000e+04 -1.674986350000000050e-05
1.711641065680058718e+09 -1.800000000000000000e+04 -1.674549420000000100e-05
1.711641107116000414e+09 -1.500000000000000000e+04 -1.677234290000000137e-05
1.711641138511339426e+09 -1.200000000000000000e+04 -1.677139479999999983e-05
1.711641171183696270e+09 -9.000000000000000000e+03 -1.677569570000000024e-05
1.711641203677172899e+09 -6.000000000000000000e+03 -1.677674660000000030e-05
1.711641234831389427e+09 -3.000000000000000000e+03 -1.677812579999999907e-05
1.711641272113143206e+09 0.000000000000000000e+00 -1.678432960000000019e-05
1.711641308563561440e+09 3.000000000000000000e+03 -1.678750379999999917e-05
1.711641352054174662e+09 6.000000000000000000e+03 -1.679029039999999990e-05
1.711641384964911222e+09 9.000000000000000000e+03 -1.678618960000000156e-05
1.711641422024658680e+09 1.200000000000000000e+04 -1.680166380000000040e-05
1.711641455087734461e+09 1.500000000000000000e+04 -1.677196320000000002e-05
1.711641488652729034e+09 1.800000000000000000e+04 -1.678317290000000005e-05
1.711641521809673786e+09 2.100000000000000000e+04 -1.680926749999999957e-05
1.711641554923819542e+09 2.400000000000000000e+04 -1.675920210000000083e-05
1.711641588016510963e+09 2.700000000000000000e+04 -1.677978619999999976e-05
1.711641621276601791e+09 3.000000000000000000e+04 -1.674651750000000089e-05
1.711641654196174860e+09 3.300000000000000000e+04 -1.681695459999999888e-05
1.711641687156151056e+09 3.600000000000000000e+04 -1.677694180000000027e-05
1.711641721222186565e+09 3.900000000000000000e+04 -1.674558800000000160e-05
1.711641754187531948e+09 4.200000000000000000e+04 -1.676335470000000157e-05
1.711641787245955467e+09 4.500000000000000000e+04 -1.677115400000000046e-05
1.711641820204434156e+09 4.800000000000000000e+04 -1.676313270000000095e-05
1.711641853476519346e+09 5.100000000000000000e+04 -1.677771449999999998e-05
1.711641886427536488e+09 5.400000000000000000e+04 -1.676234529999999831e-05
1.711641898122153997e+09 5.700000000000000000e+04 -1.675268220000000036e-05
1.711641939843195438e+09 6.000000000000000000e+04 -1.675328840000000130e-05
1.711641972879031897e+09 6.300000000000000000e+04 -1.677891969999999945e-05
1.711642006032044649e+09 6.600000000000000000e+04 -1.678215889999999958e-05
1.711642039090515852e+09 6.900000000000000000e+04 -1.676273529999999849e-05
1.711642072047487259e+09 7.200000000000000000e+04 -1.677674629999999879e-05
1.711642084748928308e+09 7.500000000000000000e+04 -1.674660199999999867e-05
1.711642126282294989e+09 7.800000000000000000e+04 -1.674134450000000019e-05
1.711642159340251923e+09 8.100000000000000000e+04 -1.678025679999999839e-05
1.711642192045439959e+09 8.400000000000000000e+04 -1.672819190000000004e-05
1.711642225005984068e+09 8.700000000000000000e+04 -1.671061769999999998e-05
1.711642258062159300e+09 9.000000000000000000e+04 -1.672912889999999986e-05
1.711642269960856676e+09 9.000000000000000000e+04 -1.673001109999999909e-05
1.711642303118311167e+09 8.700000000000000000e+04 -1.678587459999999985e-05
1.711642335965240717e+09 8.400000000000000000e+04 -1.673967150000000038e-05
1.711642369338361740e+09 8.100000000000000000e+04 -1.674570410000000050e-05
1.711642381033588886e+09 7.800000000000000000e+04 -1.677340520000000128e-05
1.711642422755475283e+09 7.500000000000000000e+04 -1.677640089999999861e-05
1.711642456035910130e+09 7.200000000000000000e+04 -1.676475590000000052e-05
1.711642467743559122e+09 6.900000000000000000e+04 -1.686821380000000064e-05
1.711642509568549395e+09 6.600000000000000000e+04 -1.679686439999999968e-05
1.711642542928964615e+09 6.300000000000000000e+04 -1.678868849999999924e-05
1.711642576272504568e+09 6.000000000000000000e+04 -1.684626920000000005e-05
1.711642587969609976e+09 5.700000000000000000e+04 -1.691767489999999898e-05
1.711642629862334013e+09 5.400000000000000000e+04 -1.683308490000000053e-05
1.711642663286032677e+09 5.100000000000000000e+04 -1.686185700000000101e-05
1.711642696654633522e+09 4.800000000000000000e+04 -1.684536670000000129e-05
1.711642708349709988e+09 4.500000000000000000e+04 -1.687722920000000085e-05
1.711642749969353437e+09 4.200000000000000000e+04 -1.688392810000000096e-05
1.711642783332707882e+09 3.900000000000000000e+04 -1.689218980000000008e-05
1.711642816393185377e+09 3.600000000000000000e+04 -1.694378779999999925e-05
1.711642849968540192e+09 3.300000000000000000e+04 -1.697174479999999868e-05
1.711642881609081268e+09 3.000000000000000000e+04 -1.694227219999999866e-05
1.711642914567542553e+09 2.700000000000000000e+04 -1.698392360000000104e-05
1.711642947734369516e+09 2.400000000000000000e+04 -1.696348389999999907e-05
1.711642979196873426e+09 2.100000000000000000e+04 -1.697115489999999970e-05
1.711643012357151985e+09 1.800000000000000000e+04 -1.700124869999999831e-05
1.711643045418877602e+09 1.500000000000000000e+04 -1.699621380000000009e-05
1.711643079533473730e+09 1.200000000000000000e+04 -1.700742659999999993e-05
1.711643111086027145e+09 9.000000000000000000e+03 -1.698629499999999997e-05
1.711643143973170757e+09 6.000000000000000000e+03 -1.703823279999999932e-05
1.711643176440197468e+09 3.000000000000000000e+03 -1.702890709999999963e-05
1.711643206979745388e+09 0.000000000000000000e+00 -1.707489199999999955e-05
1.711643239277165890e+09 -3.000000000000000000e+03 -1.706543530000000154e-05
1.711643270422177553e+09 -6.000000000000000000e+03 -1.706550749999999832e-05
1.711643303531077862e+09 -9.000000000000000000e+03 -1.707534399999999933e-05
1.711643337214062691e+09 -1.200000000000000000e+04 -1.707810749999999885e-05
1.711643371185332537e+09 -1.500000000000000000e+04 -1.703148670000000079e-05
1.711643404254378319e+09 -1.800000000000000000e+04 -1.705398879999999972e-05
1.711643437622498751e+09 -2.100000000000000000e+04 -1.700912750000000141e-05
1.711643470679715157e+09 -2.400000000000000000e+04 -1.704486710000000142e-05
1.711643503838621855e+09 -2.700000000000000000e+04 -1.706015360000000082e-05
1.711643537534955740e+09 -3.000000000000000000e+04 -1.704919399999999959e-05
1.711643571401858091e+09 -3.300000000000000000e+04 -1.699983769999999854e-05
1.711643604965821743e+09 -3.600000000000000000e+04 -1.701681139999999928e-05
1.711643616660941362e+09 -3.900000000000000000e+04 -1.702800079999999979e-05
1.711643658382438898e+09 -4.200000000000000000e+04 -1.701739969999999924e-05
1.711643691289849520e+09 -4.500000000000000000e+04 -1.701577379999999961e-05
1.711643724246898890e+09 -4.800000000000000000e+04 -1.697397459999999895e-05
1.711643758116833448e+09 -5.100000000000000000e+04 -1.698185139999999988e-05
1.711643791044287920e+09 -5.400000000000000000e+04 -1.698631439999999834e-05
1.711643824003482580e+09 -5.700000000000000000e+04 -1.698653840000000114e-05
1.711643857872561216e+09 -6.000000000000000000e+04 -1.696664409999999978e-05
1.711643891561789989e+09 -6.300000000000000000e+04 -1.696317749999999892e-05
1.711643925339360237e+09 -6.600000000000000000e+04 -1.692551820000000163e-05
1.711643959211102247e+09 -6.900000000000000000e+04 -1.694857949999999957e-05
1.711643993178698063e+09 -7.200000000000000000e+04 -1.695474830000000163e-05
1.711644027042407751e+09 -7.500000000000000000e+04 -1.694581589999999841e-05
1.711644060603015423e+09 -7.800000000000000000e+04 -1.697002099999999925e-05
1.711644094275278568e+09 -8.100000000000000000e+04 -1.695863539999999938e-05
1.711644127654887676e+09 -8.400000000000000000e+04 -1.690657630000000090e-05
1.711644161524944782e+09 -8.700000000000000000e+04 -1.691411649999999969e-05
1.711644194880719662e+09 -9.000000000000000000e+04 -1.693467040000000003e-05
