1.711663478843421459e+09 -9.000000000000000000e+04 -1.593241790000000111e-05
1.711663513139375925e+09 -8.700000000000000000e+04 -1.591168009999999902e-05
1.711663551273367405e+09 -8.400000000000000000e+04 -1.591640720000000133e-05
1.711663585544240236e+09 -8.100000000000000000e+04 -1.591262249999999894e-05
1.711663613507302046e+09 -7.800000000000000000e+04 -1.595723670000000002e-05
1.711663647579122782e+09 -7.500000000000000000e+04 -1.595004629999999872e-05
1.711663681658505201e+09 -7.200000000000000000e+04 -1.591741169999999909e-05
1.711663713909412384e+09 -6.900000000000000000e+04 -1.589803330000000102e-05
1.711663747681320429e+09 -6.600000000000000000e+04 -1.595568479999999947e-05
1.711663781547673941e+09 -6.300000000000000000e+04 -1.597252970000000055e-05
1.711663815510039806e+09 -6.000000000000000000e+04 -1.598046199999999994e-05
1.711663849269374132e+09 -5.700000000000000000e+04 -1.604045090000000103e-05
1.711663881215326071e+09 -5.400000000000000000e+04 -1.599019759999999957e-05
1.711663909180308342e+09 -5.100000000000000000e+04 -1.611405359999999983e-05
1.711663942345278978e+09 -4.800000000000000000e+04 -1.602667020000000139e-05
1.711663975511184931e+09 -4.500000000000000000e+04 -1.605211689999999991e-05
1.711664009176535845e+09 -4.200000000000000000e+04 -1.607522920000000073e-05
1.711664042139677525e+09 -3.900000000000000000e+04 -1.606704110000000093e-05
1.711664070106386423e+09 -3.600000000000000000e+04 -1.611417219999999891e-05
1.711664098069641113e+09 -3.300000000000000000e+04 -1.615070009999999931e-05
1.711664126036517859e+09 -3.000000000000000000e+04 -1.613331270000000094e-05
1.711664159198803902e+09 -2.700000000000000000e+04 -1.613049369999999957e-05
1.711664187168120384e+09 -2.400000000000000000e+04 -1.619376029999999942e-05
1.711664216137745380e+09 -2.100000000000000000e+04 -1.616281160000000022e-05
1.711664249340161324e+09 -1.800000000000000000e+04 -1.619804070000000043e-05
1.711664277301922560e+09 -1.500000000000000000e+04 -1.618350999999999915e-05
1.711664310262685299e+09 -1.200000000000000000e+04 -1.616088600000000145e-05
1.711664341609256983e+09 -9.000000000000000000e+03 -1.614702770000000153e-05
1.711664369574773550e+09 -6.000000000000000000e+03 -1.608328049999999896e-05
1.711664402040647030e+09 -3.000000000000000000e+03 -1.595807250000000035e-05
1.711664435890774012e+09 0.000000000000000000e+00 -1.587279549999999923e-05
1.711664468239685774e+09 3.000000000000000000e+03 -1.595316360000000009e-05
1.711664499801894426e+09 6.000000000000000000e+03 -1.603651209999999911e-05
1.711664532883542538e+09 9.000000000000000000e+03 -1.612012739999999864e-05
1.711664565948238373e+09 1.200000000000000000e+04 -1.615798709999999950e-05
1.711664598901969910e+09 1.500000000000000000e+04 -1.616544479999999930e-05
1.711664627904987812e+09 1.800000000000000000e+04 -1.614552049999999923e-05
1.711664661326186419e+09 2.100000000000000000e+04 -1.607940989999999965e-05
1.711664694604698896e+09 2.400000000000000000e+04 -1.605059370000000055e-05
1.711664727503462076e+09 2.700000000000000000e+04 -1.610472489999999858e-05
1.711664760467151165e+09 3.000000000000000000e+04 -1.610481539999999949e-05
1.711664793431100845e+09 3.300000000000000000e+04 -1.608345130000000020e-05
1.711664826544222116e+09 3.600000000000000000e+04 -1.607105539999999932e-05
1.711664859703379631e+09 3.900000000000000000e+04 -1.609005770000000062e-05
1.711664892871656179e+09 4.200000000000000000e+04 -1.609646069999999928e-05
1.711664925934528112e+09 4.500000000000000000e+04 -1.604334919999999995e-05
1.711664959094654799e+09 4.800000000000000000e+04 -1.603846280000000127e-05
1.711664991959057570e+09 5.100000000000000000e+04 -1.599530249999999931e-05
1.711665025084417343e+09 5.400000000000000000e+04 -1.601666909999999877e-05
1.711665058144082069e+09 5.700000000000000000e+04 -1.607932990000000083e-05
1.711665091305304289e+09 6.000000000000000000e+04 -1.604429159999999987e-05
1.711665124368817568e+09 6.300000000000000000e+04 -1.597369109999999953e-05
1.711665158485370636e+09 6.600000000000000000e+04 -1.601388129999999877e-05
1.711665191616420507e+09 6.900000000000000000e+04 -1.605331209999999868e-05
1.711665224777212381e+09 7.200000000000000000e+04 -1.605044429999999986e-05
1.711665257837957382e+09 7.500000000000000000e+04 -1.596216370000000113e-05
1.711665290793128490e+09 7.800000000000000000e+04 -1.601560630000000085e-05
1.711665318758763790e+09 8.100000000000000000e+04 -1.605521680000000168e-05
1.711665351622185230e+09 8.400000000000000000e+04 -1.595453420000000070e-05
1.711665384611993074e+09 8.700000000000000000e+04 -1.598151259999999849e-05
1.711665417773295879e+09 9.000000000000000000e+04 -1.594455159999999869e-05
1.711665429573368788e+09 9.000000000000000000e+04 -1.594068429999999907e-05
1.711665462735327482e+09 8.700000000000000000e+04 -1.598206120000000054e-05
1.711665494398317099e+09 8.400000000000000000e+04 -1.598950449999999893e-05
1.711665527558716297e+09 8.100000000000000000e+04 -1.602012150000000149e-05
1.711665560919171333e+09 7.800000000000000000e+04 -1.603605819999999880e-05
1.711665594157868862e+09 7.500000000000000000e+04 -1.602609890000000127e-05
1.711665627313910484e+09 7.200000000000000000e+04 -1.601513969999999979e-05
1.711665659168069363e+09 6.900000000000000000e+04 -1.602417220000000147e-05
1.711665696403748035e+09 6.600000000000000000e+04 -1.607705470000000104e-05
1.711665729601321697e+09 6.300000000000000000e+04 -1.611725369999999832e-05
1.711665762996956587e+09 6.000000000000000000e+04 -1.606409050000000161e-05
1.711665790960356712e+09 5.700000000000000000e+04 -1.604965280000000141e-05
1.711665824396331787e+09 5.400000000000000000e+04 -1.602154939999999946e-05
1.711665857777034283e+09 5.100000000000000000e+04 -1.605811169999999928e-05
1.711665890855277777e+09 4.800000000000000000e+04 -1.605522759999999851e-05
1.711665923231527567e+09 4.500000000000000000e+04 -1.608766909999999860e-05
1.711665951194803715e+09 4.200000000000000000e+04 -1.607692320000000133e-05
1.711665979162355900e+09 3.900000000000000000e+04 -1.609861450000000168e-05
1.711666012339428425e+09 3.600000000000000000e+04 -1.617958419999999950e-05
1.711666045648031235e+09 3.300000000000000000e+04 -1.612529570000000050e-05
1.711666078730320930e+09 3.000000000000000000e+04 -1.619039800000000124e-05
1.711666110890386105e+09 2.700000000000000000e+04 -1.617652789999999834e-05
1.711666138858233929e+09 2.400000000000000000e+04 -1.613534110000000162e-05
1.711666172305901289e+09 2.100000000000000000e+04 -1.618333739999999900e-05
1.711666205371406078e+09 1.800000000000000000e+04 -1.619379480000000048e-05
1.711666236743184090e+09 1.500000000000000000e+04 -1.617580789999999879e-05
1.711666269804230452e+09 1.200000000000000000e+04 -1.623200269999999982e-05
1.711666297770956755e+09 9.000000000000000000e+03 -1.615046109999999886e-05
1.711666331431323290e+09 6.000000000000000000e+03 -1.612455379999999902e-05
1.711666362574070692e+09 3.000000000000000000e+03 -1.600931090000000119e-05
1.711666394792052269e+09 0.000000000000000000e+00 -1.597019029999999912e-05
1.711666427991424084e+09 -3.000000000000000000e+03 -1.603595440000000089e-05
1.711666459458516836e+09 -6.000000000000000000e+03 -1.616715130000000077e-05
1.711666492345566034e+09 -9.000000000000000000e+03 -1.624221949999999842e-05
1.711666525318718910e+09 -1.200000000000000000e+04 -1.625816299999999838e-05
1.711666558779343605e+09 -1.500000000000000000e+04 -1.621986879999999897e-05
1.711666592377985716e+09 -1.800000000000000000e+04 -1.627404260000000160e-05
1.711666625440354586e+09 -2.100000000000000000e+04 -1.623433869999999993e-05
1.711666658536023617e+09 -2.400000000000000000e+04 -1.625761470000000123e-05
1.711666691493630886e+09 -2.700000000000000000e+04 -1.624314820000000159e-05
1.711666724968164682e+09 -3.000000000000000000e+04 -1.623077399999999938e-05
1.711666758064443588e+09 -3.300000000000000000e+04 -1.616157789999999944e-05
1.711666791789652586e+09 -3.600000000000000000e+04 -1.622133590000000023e-05
1.711666825488484621e+09 -3.900000000000000000e+04 -1.621184599999999867e-05
1.711666859272161722e+09 -4.200000000000000000e+04 -1.619112429999999865e-05
1.711666892328803062e+09 -4.500000000000000000e+04 -1.616606430000000063e-05
1.711666925492435455e+09 -4.800000000000000000e+04 -1.623731579999999840e-05
1.711666958552618504e+09 -5.100000000000000000e+04 -1.619519679999999895e-05
1.711666992243808031e+09 -5.400000000000000000e+04 -1.615601059999999947e-05
1.711667025202810526e+09 -5.700000000000000000e+04 -1.621049260000000116e-05
1.711667058969917536e+09 -6.000000000000000000e+04 -1.621111189999999922e-05
1.711667092835408211e+09 -6.300000000000000000e+04 -1.608281120000000123e-05
1.711667126729855776e+09 -6.600000000000000000e+04 -1.618102529999999962e-05
1.711667160437008858e+09 -6.900000000000000000e+04 -1.612757329999999883e-05
1.711667194206085443e+09 -7.200000000000000000e+04 -1.623008109999999861e-05
1.711667222173069239e+09 -7.500000000000000000e+04 -1.614334189999999834e-05
1.711667256040699720e+09 -7.800000000000000000e+04 -1.613670589999999897e-05
1.711667289705601215e+09 -8.100000000000000000e+04 -1.611582509999999908e-05
1.711667322993702650e+09 -8.400000000000000000e+04 -1.604643890000000115e-05
1.711667356490425587e+09 -8.700000000000000000e+04 -1.611515790000000133e-05
1.711667390228814125e+09 -9.000000000000000000e+04 -1.617759820000000016e-05
