1.711647314020382404e+09 -5.578745729999999707e-07
1.711647315958476067e+09 -5.442616889999999638e-07
1.711647317826993465e+09 -5.616386730000000487e-07
1.711647319900532246e+09 -5.530274940000000379e-07
1.711647321769052744e+09 -5.386411540000000149e-07
1.711647324443426609e+09 -5.452413489999999476e-07
1.711647326517669916e+09 -5.410646699999999491e-07
1.711647328384677172e+09 -5.402396469999999625e-07
1.711647330256698132e+09 -5.384348449999999839e-07
1.711647332123736858e+09 -5.454474759999999537e-07
1.711647333990744114e+09 -5.603494499999999752e-07
1.711647335858504295e+09 -5.246156500000000447e-07
1.711647337727506161e+09 -5.654027400000000071e-07
1.711647339597079039e+09 -5.382801129999999598e-07
1.711647341463600874e+09 -5.650933570000000408e-07
1.711647343330608368e+09 -5.638042579999999936e-07
1.711647345199395180e+09 -5.511709970000000480e-07
1.711647347271377325e+09 -5.325048600000000375e-07
1.711647349138901472e+09 -5.454474030000000065e-07
1.711647351010473251e+09 -5.672589899999999480e-07
1.711647352878477812e+09 -5.498304369999999911e-07
1.711647354745003223e+09 -5.496757450000000062e-07
1.711647356611777544e+09 -5.297720679999999959e-07
1.711647358481301546e+09 -5.243578790000000005e-07
1.711647360349349260e+09 -5.586994589999999897e-07
1.711647362218871832e+09 -5.585447670000000048e-07
1.711647364088871002e+09 -5.574103610000000520e-07
1.711647365956642151e+09 -5.375583049999999964e-07
1.711647368030097485e+09 -5.055886600000000258e-07
1.711647369897650242e+09 -5.233782200000000203e-07
1.711647371766678095e+09 -5.693732450000000408e-07
1.711647373634682894e+09 -5.543681180000000092e-07
1.711647375501463413e+09 -5.633402430000000483e-07
1.711647377368986845e+09 -5.317831129999999778e-07
1.711647379240529776e+09 -5.514289540000000257e-07
1.711647381110044241e+09 -5.434365439999999582e-07
1.711647382977051735e+09 -5.308033800000000468e-07
1.711647384847079754e+09 -5.302877400000000265e-07
1.711647386715375900e+09 -5.579775549999999958e-07
1.711647388788830996e+09 -5.486444830000000308e-07
1.711647390656865358e+09 -5.518930110000000175e-07
1.711647392525899887e+09 -5.373003480000000186e-07
1.711647394393904209e+09 -5.537491709999999496e-07
1.711647396260674000e+09 -5.685480130000000372e-07
1.711647398128219843e+09 -5.494693670000000425e-07
1.711647399997739315e+09 -5.499334800000000257e-07
1.711647401866771936e+09 -5.464271340000000361e-07
1.711647403733779192e+09 -5.494694049999999686e-07
1.711647405601059914e+09 -5.489022019999999922e-07
1.711647407469577074e+09 -5.503459829999999881e-07
1.711647409543067694e+09 -5.360112139999999503e-07
1.711647411411588669e+09 -5.599884350000000144e-07
1.711647413281614065e+09 -5.393114129999999672e-07
1.711647415150850296e+09 -5.293081100000000456e-07
1.711647417016381979e+09 -5.746328210000000202e-07
1.711647418883909464e+09 -5.278127549999999479e-07
1.711647420754484177e+09 -5.607620870000000002e-07
1.711647422624512911e+09 -5.665372490000000159e-07
1.711647424492517471e+09 -5.180155770000000252e-07
1.711647426361271858e+09 -5.482320490000000010e-07
1.711647428229796410e+09 -5.601432989999999879e-07
1.711647430304760218e+09 -5.654028209999999833e-07
1.711647432172794342e+09 -5.422506119999999718e-07
1.711647434041796446e+09 -5.469944830000000127e-07
1.711647435910561800e+09 -5.772625050000000033e-07
1.711647437777093172e+09 -5.604526609999999839e-07
1.711647439645653963e+09 -5.251313640000000158e-07
1.711647441515177488e+09 -5.501914670000000064e-07
1.711647443384205341e+09 -5.089403130000000268e-07
1.711647445253445387e+09 -5.397755500000000374e-07
1.711647447122959375e+09 -5.405490089999999584e-07
1.711647448990963936e+09 -5.319894010000000385e-07
1.711647451064452648e+09 -5.623090000000000359e-07
1.711647452931979179e+09 -5.495211420000000265e-07
1.711647454802975893e+09 -5.381770609999999985e-07
1.711647456670755625e+09 -5.501914470000000397e-07
1.711647458539305210e+09 -5.637527629999999665e-07
1.711647460407837629e+09 -5.319893769999999514e-07
1.711647462277355433e+09 -5.398270620000000202e-07
1.711647464147875786e+09 -5.493148259999999701e-07
1.711647466015131950e+09 -5.455506579999999630e-07
1.711647467883654594e+09 -5.111575140000000141e-07
1.711647469751719952e+09 -5.536461610000000347e-07
1.711647471825688124e+09 -5.386410569999999807e-07
1.711647473693217993e+09 -5.215733969999999656e-07
1.711647475562459707e+09 -5.532335530000000090e-07
1.711647477429496288e+09 -5.348767060000000510e-07
1.711647479297341585e+09 -5.540069119999999908e-07
1.711647481166343927e+09 -5.361658029999999851e-07
1.711647483037401438e+09 -5.402393790000000491e-07
1.711647484906403065e+09 -5.459114080000000214e-07
1.711647486775435925e+09 -5.318860269999999679e-07
1.711647488643470764e+09 -5.196653819999999712e-07
1.711647490510989666e+09 -5.702495850000000440e-07
1.711647492587462187e+09 -6.959623840000000118e-07
1.711647494456234455e+09 2.083617050000000149e-05
1.711647496326233864e+09 5.762910450000000256e-05
1.711647498194294930e+09 8.366564550000000187e-05
1.711647500062327385e+09 9.982654410000000244e-05
1.711647501929847717e+09 1.099807260000000000e-04
1.711647503801603556e+09 1.166165089999999952e-04
1.711647505671602726e+09 1.212263500000000053e-04
1.711647507539129972e+09 1.245597700000000111e-04
1.711647509406165600e+09 1.270666160000000113e-04
1.711647511274170160e+09 1.290163809999999949e-04
1.711647513348901272e+09 1.305905329999999928e-04
1.711647515218425035e+09 1.320821830000000008e-04
1.711647517089421511e+09 1.332196749999999994e-04
1.711647518957967758e+09 1.342068050000000043e-04
1.711647520825486422e+09 1.350874189999999955e-04
1.711647522693520069e+09 1.359049179999999963e-04
1.711647524564301014e+09 1.366826539999999924e-04
1.711647526435297728e+09 1.373651579999999889e-04
1.711647528302827120e+09 1.380110509999999898e-04
1.711647530172862291e+09 1.386079069999999905e-04
1.711647532041864157e+09 1.391824470000000129e-04
1.711647534117083073e+09 1.397466620000000111e-04
1.711647535985791922e+09 1.403225829999999905e-04
1.711647537856347561e+09 1.408211320000000001e-04
1.711647539722716570e+09 1.412751809999999867e-04
1.711647541588726759e+09 1.417502420000000120e-04
1.711647543459231138e+09 1.421725519999999967e-04
1.711647545330257416e+09 1.425969590000000049e-04
1.711647547200619698e+09 1.429954470000000118e-04
1.711647549067155600e+09 1.433766610000000057e-04
1.711647550937678576e+09 1.437415299999999878e-04
1.711647552807200432e+09 1.441056230000000078e-04
1.711647554880682945e+09 1.444296530000000020e-04
1.711647556747690201e+09 1.448174669999999968e-04
1.711647558617474079e+09 1.451460409999999945e-04
1.711647560485512972e+09 1.454539900000000063e-04
1.711647562351522923e+09 1.457841560000000124e-04
1.711647564219051123e+09 1.460593019999999913e-04
1.711647566089078188e+09 1.463388960000000050e-04
1.711647567959326744e+09 1.466149190000000033e-04
1.711647569825883865e+09 1.468579919999999869e-04
1.711647571694885969e+09 1.471233419999999961e-04
1.711647573562917471e+09 1.473676510000000012e-04
1.711647575638394833e+09 1.475879849999999893e-04
1.711647577505650759e+09 1.478263659999999916e-04
1.711647579376208067e+09 1.480601520000000045e-04
1.711647581245235205e+09 1.482812500000000027e-04
1.711647583112242460e+09 1.484921479999999920e-04
1.711647584981768847e+09 1.486886079999999932e-04
1.711647586852765322e+09 1.488922939999999875e-04
1.711647588723054409e+09 1.490891139999999868e-04
1.711647590590618610e+09 1.492572140000000098e-04
1.711647592460358858e+09 1.494215490000000066e-04
1.711647594328393698e+09 1.495854480000000108e-04
1.711647596401638985e+09 1.497477719999999930e-04
1.711647598268161535e+09 1.499427360000000087e-04
1.711647600139794111e+09 1.500876329999999929e-04
1.711647602007798672e+09 1.502436709999999934e-04
1.711647603875353098e+09 1.503918669999999955e-04
1.711647605742878199e+09 1.505305230000000079e-04
1.711647607613874912e+09 1.506792630000000047e-04
1.711647609482920885e+09 1.508012130000000112e-04
1.711647611351948261e+09 1.508974310000000011e-04
1.711647613218955517e+09 1.510371190000000098e-04
1.711647615086722374e+09 1.511885590000000058e-04
1.711647617159703732e+09 1.512804470000000045e-04
1.711647619027733326e+09 1.514105949999999963e-04
1.711647620897779465e+09 1.514854359999999965e-04
1.711647622766781330e+09 1.515985380000000129e-04
1.711647624635056019e+09 1.517361109999999888e-04
1.711647626503573656e+09 1.518090740000000122e-04
1.711647628373573065e+09 1.518858820000000131e-04
1.711647630244108915e+09 1.520066449999999921e-04
1.711647632112140179e+09 1.520996150000000042e-04
1.711647633981368542e+09 1.522014029999999908e-04
1.711647635847899437e+09 1.522598009999999913e-04
1.711647637920386314e+09 1.523398290000000006e-04
1.711647639787429094e+09 1.524377489999999931e-04
1.711647641658938646e+09 1.524927440000000117e-04
1.711647643526189566e+09 1.525683639999999891e-04
1.711647645393709421e+09 1.526550440000000084e-04
1.711647647262740135e+09 1.527003689999999875e-04
1.711647649133260012e+09 1.527853600000000066e-04
1.711647651002775192e+09 1.528444529999999947e-04
1.711647652871777296e+09 1.529168490000000068e-04
1.711647654741058350e+09 1.529809949999999974e-04
1.711647656607580900e+09 1.530284140000000119e-04
1.711647658679561138e+09 1.530832260000000028e-04
1.711647660545911312e+09 1.531477329999999875e-04
1.711647662417431116e+09 1.532062379999999942e-04
1.711647664284509659e+09 1.532560829999999913e-04
1.711647666151038885e+09 1.533168250000000040e-04
1.711647668020040989e+09 1.533528689999999885e-04
1.711647669890825033e+09 1.533843000000000012e-04
1.711647671761850834e+09 1.534260669999999943e-04
1.711647673628858089e+09 1.534658740000000130e-04
1.711647675499378204e+09 1.535221310000000033e-04
1.711647677367408991e+09 1.535706320000000040e-04
1.711647679441648722e+09 1.535957440000000043e-04
1.711647681310166359e+09 1.536362219999999981e-04
1.711647683179688692e+09 1.536682689999999889e-04
1.711647685047693253e+09 1.537032540000000036e-04
1.711647686913729906e+09 1.537533230000000001e-04
1.711647688781433582e+09 1.537798780000000079e-04
1.711647690652020931e+09 1.538460329999999940e-04
1.711647692523043871e+09 1.538489200000000049e-04
1.711647694391048431e+09 1.538716599999999965e-04
1.711647696261079311e+09 1.539124990000000114e-04
1.711647698128625393e+09 1.539191080000000035e-04
1.711647700205363989e+09 1.539824809999999929e-04
1.711647702072885036e+09 1.539799540000000072e-04
1.711647703943881512e+09 1.540298120000000066e-04
1.711647705811422110e+09 1.540339809999999906e-04
1.711647707678455353e+09 1.540732209999999981e-04
1.711647709546225071e+09 1.541101929999999878e-04
1.711647711415764809e+09 1.541149720000000009e-04
1.711647713286292553e+09 1.541215720000000018e-04
1.711647715153299809e+09 1.541667940000000130e-04
1.711647717022464275e+09 1.541854609999999894e-04
1.711647718890981436e+09 1.542102370000000041e-04
1.711647720964782476e+09 1.542298309999999898e-04
1.711647722832829714e+09 1.542637090000000097e-04
1.711647724703380108e+09 1.542807649999999994e-04
1.711647726570441008e+09 1.542792609999999918e-04
1.711647728439970493e+09 1.543030320000000107e-04
1.711647730308495522e+09 1.543199970000000117e-04
1.711647732178016424e+09 1.543347009999999941e-04
1.711647734048015833e+09 1.543389809999999953e-04
1.711647735915303469e+09 1.543851819999999978e-04
1.711647737784971714e+09 1.543894110000000131e-04
1.711647739653034210e+09 1.544174160000000003e-04
1.711647741725254297e+09 1.544183440000000056e-04
1.711647743592786074e+09 1.544225719999999977e-04
1.711647745461788177e+09 1.544579530000000022e-04
1.711647747328830242e+09 1.544546560000000033e-04
1.711647749195882559e+09 1.544489840000000077e-04
1.711647751064884424e+09 1.544608960000000062e-04
1.711647752936737299e+09 1.544680320000000066e-04
1.711647754806735754e+09 1.545003109999999920e-04
1.711647756675773382e+09 1.545115519999999882e-04
1.711647758545318365e+09 1.545122740000000035e-04
1.711647760413836479e+09 1.545379280000000065e-04
1.711647762489041328e+09 1.545365879999999941e-04
1.711647764355572939e+09 1.545232319999999921e-04
1.711647766225572109e+09 1.545806090000000066e-04
1.711647768092104673e+09 1.545635820000000095e-04
1.711647769959146500e+09 1.545826609999999930e-04
1.711647771827916384e+09 1.545867350000000042e-04
1.711647773698436260e+09 1.545917359999999976e-04
1.711647775568435669e+09 1.545957069999999867e-04
1.711647777437464476e+09 1.545940050000000113e-04
1.711647779306079626e+09 1.546177760000000032e-04
1.711647781173985720e+09 1.546231210000000044e-04
1.711647783246965647e+09 1.546211099999999898e-04
1.711647785115132332e+09 1.546288959999999951e-04
1.711647786985131502e+09 1.546609899999999878e-04
1.711647788852163553e+09 1.546725609999999936e-04
1.711647790719928026e+09 1.546931349999999936e-04
1.711647792587451458e+09 1.546772530000000020e-04
1.711647794457972765e+09 1.546808039999999888e-04
1.711647796327972174e+09 1.546829700000000075e-04
1.711647798195034981e+09 1.546985940000000000e-04
1.711647800064835787e+09 1.547066900000000134e-04
1.711647801934354544e+09 1.547034770000000042e-04
1.711647804007335424e+09 1.546949679999999876e-04
1.711647805874342680e+09 1.547144079999999923e-04
1.711647807744378805e+09 1.547153950000000058e-04
1.711647809612681627e+09 1.547127179999999960e-04
1.711647811480686426e+09 1.547313840000000035e-04
1.711647813348719597e+09 1.547119960000000079e-04
1.711647815219739914e+09 1.547272619999999943e-04
1.711647817089739561e+09 1.547425760000000058e-04
1.711647818956285954e+09 1.547536110000000120e-04
1.711647820826039076e+09 1.547849619999999921e-04
1.711647822694564342e+09 1.547786469999999908e-04
1.711647824771040201e+09 1.547736450000000014e-04
1.711647826638047457e+09 1.547605479999999945e-04
1.711647828509074450e+09 1.547624630000000133e-04
1.711647830377915621e+09 1.547702580000000097e-04
1.711647832245919704e+09 1.547901620000000035e-04
1.711647834115443230e+09 1.547486530000000094e-04
1.711647835986439705e+09 1.547748500000000111e-04
1.711647837854993343e+09 1.547870190000000127e-04
1.711647839722814798e+09 1.547874309999999927e-04
1.711647841591911793e+09 1.547957850000000052e-04
1.711647843460438251e+09 1.548111789999999952e-04
1.711647845534055710e+09 1.548001959999999980e-04
1.711647847401062965e+09 1.548099420000000049e-04
1.711647849272600174e+09 1.548048050000000128e-04
1.711647851140396118e+09 1.548152419999999961e-04
1.711647853007403374e+09 1.548404050000000095e-04
1.711647854875930071e+09 1.548299380000000105e-04
1.711647856745929241e+09 1.548116850000000062e-04
1.711647858614989281e+09 1.548153979999999962e-04
1.711647860484288931e+09 1.548478320000000127e-04
1.711647862351296425e+09 1.548339610000000087e-04
1.711647864220819712e+09 1.548450120000000052e-04
1.711647866294303894e+09 1.548450120000000052e-04
1.711647868162308931e+09 1.548540359999999968e-04
1.711647870034091473e+09 1.548537299999999998e-04
1.711647871902096033e+09 1.548600729999999976e-04
1.711647873771623611e+09 1.548559480000000004e-04
1.711647875639655352e+09 1.548595579999999955e-04
1.711647877511649370e+09 1.548772919999999865e-04
1.711647879380712986e+09 1.548645550000000049e-04
1.711647881247514963e+09 1.548827579999999921e-04
1.711647883116516829e+09 1.548882230000000017e-04
1.711647884983549356e+09 1.548646780000000013e-04
1.711647887058002234e+09 1.548817459999999972e-04
1.711647888927038908e+09 1.549073219999999866e-04
1.711647890797847033e+09 1.548977969999999912e-04
1.711647892665851593e+09 1.548987399999999907e-04
1.711647894533381462e+09 1.549024520000000119e-04
1.711647896402415514e+09 1.548944080000000075e-04
1.711647898272925854e+09 1.548689760000000119e-04
1.711647900143274069e+09 1.549150739999999922e-04
1.711647902012536287e+09 1.549158479999999895e-04
1.711647903880567074e+09 1.549027510000000097e-04
1.711647905749016523e+09 1.549280169999999910e-04
1.711647907822471619e+09 1.549123420000000125e-04
1.711647909689537764e+09 1.549387939999999982e-04
1.711647911559563875e+09 1.549248050000000048e-04
1.711647913427568197e+09 1.549323179999999897e-04
1.711647915294874430e+09 1.548999360000000093e-04
1.711647917162396908e+09 1.549179829999999965e-04
1.711647919035907507e+09 1.549381639999999948e-04
1.711647920905944824e+09 1.549297069999999873e-04
1.711647922772820473e+09 1.549398650000000013e-04
1.711647924641857862e+09 1.549508479999999984e-04
1.711647926508896589e+09 1.549668010000000045e-04
1.711647928583349228e+09 1.549559730000000114e-04
1.711647930452907801e+09 1.549233330000000049e-04
1.711647932323683500e+09 1.549440589999999938e-04
1.711647934191688538e+09 1.549691680000000061e-04
1.711647936060215235e+09 1.549611240000000017e-04
1.711647937928255558e+09 1.549569990000000046e-04
1.711647939800283194e+09 1.549537070000000128e-04
1.711647941670554161e+09 1.549877909999999956e-04
1.711647943538558722e+09 1.549800049999999904e-04
1.711647945407077312e+09 1.549660309999999913e-04
1.711647947275602579e+09 1.549730839999999981e-04
1.711647949349582195e+09 1.549476110000000038e-04
1.711647951218381405e+09 1.549801990000000012e-04
1.711647953089899302e+09 1.549717959999999948e-04
1.711647954956906557e+09 1.549790180000000040e-04
1.711647956823940516e+09 1.549994890000000090e-04
1.711647958691460133e+09 1.549862880000000111e-04
1.711647960561507225e+09 1.549748879999999997e-04
1.711647962430301666e+09 1.549920070000000087e-04
1.711647964298306227e+09 1.549856129999999978e-04
1.711647966167841434e+09 1.549833440000000112e-04
1.711647968035846472e+09 1.549908870000000116e-04
1.711647970110336781e+09 1.550285799999999935e-04
1.711647971976094007e+09 1.549834620000000004e-04
1.711647973847090721e+09 1.549838499999999951e-04
1.711647975713626623e+09 1.550115659999999986e-04
1.711647977579661846e+09 1.550238379999999952e-04
1.711647979448213577e+09 1.549950140000000008e-04
1.711647981317983389e+09 1.550084630000000106e-04
1.711647983187499523e+09 1.550253249999999894e-04
1.711647985054506779e+09 1.550183120000000125e-04
1.711647986923032284e+09 1.550020179999999866e-04
1.711647988792034388e+09 1.550414399999999987e-04
1.711647990864795446e+09 1.550216399999999959e-04
1.711647992731326818e+09 1.550212790000000018e-04
1.711647994603320599e+09 1.550333429999999893e-04
1.711647996472350359e+09 1.550300919999999963e-04
1.711647998340892553e+09 1.550469009999999972e-04
1.711648000209422588e+09 1.550148800000000109e-04
1.711648002081228733e+09 1.550214760000000007e-04
1.711648003950230837e+09 1.550443189999999873e-04
1.711648005817266941e+09 1.550642220000000122e-04
1.711648007686299086e+09 1.550352429999999867e-04
1.711648009552823782e+09 1.550589149999999946e-04
1.711648011627058268e+09 1.550366910000000012e-04
1.711648013494580984e+09 1.550587090000000046e-04
1.711648015365577698e+09 1.550662600000000003e-04
1.711648017234102249e+09 1.550987689999999881e-04
1.711648019102233648e+09 1.550842799999999869e-04
1.711648020970518589e+09 1.550545790000000003e-04
1.711648022841733456e+09 1.550875870000000001e-04
1.711648024712730169e+09 1.550890830000000126e-04
1.711648026579785585e+09 1.550785119999999954e-04
1.711648028448815823e+09 1.550822250000000126e-04
1.711648030318329096e+09 1.550892390000000126e-04
1.711648032390557289e+09 1.550647969999999914e-04
1.711648034257593155e+09 1.550768120000000120e-04
1.711648036126595020e+09 1.550649350000000092e-04
1.711648037995650053e+09 1.550663629999999953e-04
1.711648039862689018e+09 1.550829149999999931e-04
1.711648041730453968e+09 1.550918359999999897e-04
1.711648043599977970e+09 1.550843090000000066e-04
1.711648045469977617e+09 1.550869900000000003e-04
1.711648047336510420e+09 1.550907029999999904e-04
1.711648049205558300e+09 1.550920439999999988e-04
1.711648051075826168e+09 1.551139670000000023e-04
1.711648053150792599e+09 1.550920010000000080e-04
1.711648055018797636e+09 1.551019530000000049e-04
1.711648056890318155e+09 1.551104240000000106e-04
1.711648058758867502e+09 1.551106430000000029e-04
1.711648060627384901e+09 1.551196160000000086e-04
1.711648062495167494e+09 1.551248239999999880e-04
1.711648064366189718e+09 1.551287219999999978e-04
1.711648066236189127e+09 1.551115510000000068e-04
1.711648068103221655e+09 1.551129950000000102e-04
1.711648069970751286e+09 1.551184090000000068e-04
1.711648071838562727e+09 1.551405669999999929e-04
1.711648073911535501e+09 1.551197870000000029e-04
1.711648075780537605e+09 1.551378859999999991e-04
1.711648077652055025e+09 1.551329429999999908e-04
1.711648079521131992e+09 1.551140270000000065e-04
1.711648081389496565e+09 1.551161929999999981e-04
1.711648083259977579e+09 1.551460479999999928e-04
1.711648085132009983e+09 1.551394189999999993e-04
1.711648087002009392e+09 1.551452970000000121e-04
1.711648088868978739e+09 1.551490620000000112e-04
1.711648090738509417e+09 1.551677790000000046e-04
1.711648092607537270e+09 1.551406069999999957e-04
1.711648094679524660e+09 1.551435979999999976e-04
1.711648096546531916e+09 1.551491149999999891e-04
1.711648098416324615e+09 1.551409199999999918e-04
1.711648100283374548e+09 1.551545380000000039e-04
1.711648102150382042e+09 1.551756789999999880e-04
1.711648104018414736e+09 1.551689240000000101e-04
1.711648105889411688e+09 1.551581899999999938e-04
1.711648107759685278e+09 1.551630370000000063e-04
1.711648109628714561e+09 1.551855710000000078e-04
1.711648111496719122e+09 1.551907270000000053e-04
1.711648113365239620e+09 1.551897850000000017e-04
1.711648115440168858e+09 1.551769970000000070e-04
1.711648117308173656e+09 1.551928789999999986e-04
1.711648119179221392e+09 1.552004270000000062e-04
1.711648121047226191e+09 1.551585779999999884e-04
1.711648122915754557e+09 1.551776049999999899e-04
1.711648124784511805e+09 1.551844629999999899e-04
1.711648126655750513e+09 1.551845439999999915e-04
1.711648128524276495e+09 1.552040350000000093e-04
1.711648130392321587e+09 1.551733540000000083e-04
1.711648132260572433e+09 1.551926390000000090e-04
1.711648134130096436e+09 1.551955869999999929e-04
1.711648136202581644e+09 1.551847589999999998e-04
1.711648138070101976e+09 1.552133249999999951e-04
1.711648139941158772e+09 1.551905830000000115e-04
1.711648141808496237e+09 1.552141459999999942e-04
1.711648143677021503e+09 1.552366279999999868e-04
1.711648145545538187e+09 1.552128569999999949e-04
1.711648147414540291e+09 1.552185609999999982e-04
1.711648149283576488e+09 1.552145389999999960e-04
1.711648151152604103e+09 1.552290800000000063e-04
1.711648153021865129e+09 1.552403730000000116e-04
1.711648154889386892e+09 1.552280579999999971e-04
1.711648156961844683e+09 1.552150629999999893e-04
1.711648158830396175e+09 1.552232619999999977e-04
1.711648160700444460e+09 1.552380810000000084e-04
1.711648162568699360e+09 1.552213410000000029e-04
1.711648164436228275e+09 1.552346970000000048e-04
1.711648166304259062e+09 1.552503200000000013e-04
1.711648168174258471e+09 1.552528900000000049e-04
1.711648170043805361e+09 1.552570150000000021e-04
1.711648171911081314e+09 1.552550039999999875e-04
1.711648173778613091e+09 1.552405659999999993e-04
1.711648175646644831e+09 1.552678680000000038e-04
1.711648177720099926e+09 1.552216149999999923e-04
1.711648179587170124e+09 1.552363629999999885e-04
1.711648181458927631e+09 1.552698319999999894e-04
1.711648183326932192e+09 1.552489529999999884e-04
1.711648185194450378e+09 1.552441580000000121e-04
1.711648187063452482e+09 1.552687539999999871e-04
1.711648188935969114e+09 1.552310270000000056e-04
1.711648190807014465e+09 1.552884690000000043e-04
1.711648192674261093e+09 1.552757329999999915e-04
1.711648194543779135e+09 1.552297889999999922e-04
1.711648196410309315e+09 1.552623689999999945e-04
1.711648198483290434e+09 1.552597389999999867e-04
1.711648200351796150e+09 1.552795909999999985e-04
1.711648202221311331e+09 1.552632099999999950e-04
1.711648204089316130e+09 1.552856029999999908e-04
1.711648205955846548e+09 1.552884909999999977e-04
1.711648207823851347e+09 1.552823030000000039e-04
1.711648209694151878e+09 1.552838980000000003e-04
1.711648211564673185e+09 1.552782769999999906e-04
1.711648213432677984e+09 1.553092670000000037e-04
1.711648215301704884e+09 1.552951389999999965e-04
1.711648217167742968e+09 1.553192069999999943e-04
1.711648219241481781e+09 1.553102350000000118e-04
1.711648221109999657e+09 1.552867730000000049e-04
1.711648222979001522e+09 1.553256200000000106e-04
1.711648224848526001e+09 1.553223869999999999e-04
1.711648226715561867e+09 1.553179529999999906e-04
1.711648228583566427e+09 1.553229029999999981e-04
1.711648230454347610e+09 1.553217400000000102e-04
1.711648232324859858e+09 1.552952879999999975e-04
1.711648234191867113e+09 1.553214820000000111e-04
1.711648236059396505e+09 1.553028680000000127e-04
1.711648237927431822e+09 1.553233329999999875e-04
1.711648239999689817e+09 1.553217340000000071e-04
1.711648241867725372e+09 1.553244670000000099e-04
1.711648243738721848e+09 1.553331850000000045e-04
1.711648245607758999e+09 1.553249960000000103e-04
1.711648247476797581e+09 1.553117950000000125e-04
1.711648249345559835e+09 1.553192209999999926e-04
1.711648251217075825e+09 1.553256509999999951e-04
1.711648253087111712e+09 1.553238980000000067e-04
1.711648254954119682e+09 1.553224540000000032e-04
1.711648256822156429e+09 1.553344169999999877e-04
1.711648258690929413e+09 1.553341600000000117e-04
1.711648260767017841e+09 1.553229189999999883e-04
1.711648262636537313e+09 1.553710799999999924e-04
1.711648264507534027e+09 1.553468920000000133e-04
1.711648266374579191e+09 1.553609610000000123e-04
1.711648268241618872e+09 1.553364680000000051e-04
1.711648270109380722e+09 1.553649320000000014e-04
1.711648271979413986e+09 1.553310639999999957e-04
1.711648273848415852e+09 1.553534940000000062e-04
1.711648275717464685e+09 1.553568460000000022e-04
1.711648277586498022e+09 1.553651480000000056e-04
1.711648279455287695e+09 1.553912199999999918e-04
1.711648281530260086e+09 1.554059679999999881e-04
1.711648283397627831e+09 1.553711619999999900e-04
1.711648285267627001e+09 1.553688580000000077e-04
1.711648287137151957e+09 1.553743959999999967e-04
1.711648289004405260e+09 1.553559360000000063e-04
1.711648290873437643e+09 1.553853799999999898e-04
1.711648292744954824e+09 1.553942690000000059e-04
1.711648294615951538e+09 1.553710129999999890e-04
1.711648296485474586e+09 1.553919999999999922e-04
1.711648298354264975e+09 1.553870500000000118e-04
1.711648300224776268e+09 1.553816949999999963e-04
1.711648302299749136e+09 1.553778270000000022e-04
1.711648304166783571e+09 1.554115499999999910e-04
1.711648306038777351e+09 1.554282969999999956e-04
1.711648307905195475e+09 1.553985809999999877e-04
1.711648309772719145e+09 1.553685709999999890e-04
1.711648311640268803e+09 1.553989939999999908e-04
1.711648313510780573e+09 1.554079599999999973e-04
1.711648315379782677e+09 1.553893450000000029e-04
1.711648317246067762e+09 1.553951199999999936e-04
1.711648319114625454e+09 1.554203349999999889e-04
1.711648320983365297e+09 1.554185039999999868e-04
1.711648323056344509e+09 1.554209789999999906e-04
1.711648324925996065e+09 1.554079850000000059e-04
1.711648326797019720e+09 1.554079209999999905e-04
1.711648328664546728e+09 1.554151290000000015e-04
1.711648330532076597e+09 1.554090960000000118e-04
1.711648332400112391e+09 1.554150779999999884e-04
1.711648334269863367e+09 1.554246629999999881e-04
1.711648336138865471e+09 1.554189390000000105e-04
1.711648338006427288e+09 1.554174960000000031e-04
1.711648339874953508e+09 1.554176500000000111e-04
1.711648341744476557e+09 1.554285060000000008e-04
1.711648343819388390e+09 1.554350539999999926e-04
1.711648345686395407e+09 1.554668180000000029e-04
1.711648347555951118e+09 1.554264100000000005e-04
1.711648349424495220e+09 1.554543739999999889e-04
1.711648351291502237e+09 1.554366359999999868e-04
1.711648353160020113e+09 1.554518990000000123e-04
1.711648355029265881e+09 1.554371889999999997e-04
1.711648356898781776e+09 1.554428100000000094e-04
1.711648358766811132e+09 1.554563189999999962e-04
1.711648360637331486e+09 1.554479139999999978e-04
1.711648362507845163e+09 1.554633469999999946e-04
1.711648364581068277e+09 1.554302950000000080e-04
1.711648366449072838e+09 1.554494250000000046e-04
1.711648368318596840e+09 1.554570570000000018e-04
1.711648370186641693e+09 1.554631410000000046e-04
1.711648372053648949e+09 1.554944920000000117e-04
1.711648373922939301e+09 1.554855720000000111e-04
1.711648375793935776e+09 1.554806430000000011e-04
1.711648377663963318e+09 1.554842520000000001e-04
1.711648379533060074e+09 1.554823440000000076e-04
1.711648381403085232e+09 1.554888929999999954e-04
1.711648383270611525e+09 1.554941070000000051e-04
1.711648385345680475e+09 1.554798239999999939e-04
1.711648387212687969e+09 1.554660560000000120e-04
1.711648389084438562e+09 1.555086619999999865e-04
1.711648390951967955e+09 1.554973329999999895e-04
