1.711627575573786259e+09 -9.000000000000000000e+04 -1.911691779999999922e-05
1.711627600463060141e+09 -8.900000000000000000e+04 -1.913524070000000002e-05
1.711627624562119722e+09 -8.800000000000000000e+04 -1.916999009999999866e-05
1.711627648650475979e+09 -8.700000000000000000e+04 -1.916548619999999963e-05
1.711627673655411243e+09 -8.600000000000000000e+04 -1.919263930000000138e-05
1.711627698451495886e+09 -8.500000000000000000e+04 -1.916738449999999975e-05
1.711627714373166323e+09 -8.400000000000000000e+04 -1.919062719999999926e-05
1.711627739171435595e+09 -8.300000000000000000e+04 -1.920199510000000141e-05
1.711627764020602465e+09 -8.200000000000000000e+04 -1.919354870000000102e-05
1.711627788001812696e+09 -8.100000000000000000e+04 -1.918817330000000134e-05
1.711627812108367682e+09 -8.000000000000000000e+04 -1.921893599999999837e-05
1.711627837196476698e+09 -7.900000000000000000e+04 -1.922045489999999864e-05
1.711627862008390665e+09 -7.800000000000000000e+04 -1.923404370000000139e-05
1.711627887096071005e+09 -7.700000000000000000e+04 -1.924709949999999937e-05
1.711627911985568047e+09 -7.600000000000000000e+04 -1.923941439999999885e-05
1.711627937110794067e+09 -7.500000000000000000e+04 -1.925760810000000023e-05
1.711627953023389101e+09 -7.400000000000000000e+04 -1.925982329999999921e-05
1.711627977679268599e+09 -7.300000000000000000e+04 -1.924563550000000131e-05
1.711628002376997232e+09 -7.200000000000000000e+04 -1.927254439999999898e-05
1.711628027061235905e+09 -7.100000000000000000e+04 -1.930061299999999837e-05
1.711628051989918470e+09 -7.000000000000000000e+04 -1.929505549999999922e-05
1.711628067902765036e+09 -6.900000000000000000e+04 -1.929975850000000093e-05
1.711628091877097845e+09 -6.800000000000000000e+04 -1.930754920000000166e-05
1.711628116769995451e+09 -6.700000000000000000e+04 -1.932019219999999977e-05
1.711628141459175587e+09 -6.600000000000000000e+04 -1.931131860000000148e-05
1.711628166350651503e+09 -6.500000000000000000e+04 -1.931291520000000028e-05
1.711628189423867464e+09 -6.400000000000000000e+04 -1.932491769999999966e-05
1.711628212995076418e+09 -6.300000000000000000e+04 -1.934068870000000111e-05
1.711628238079974174e+09 -6.200000000000000000e+04 -1.934568829999999876e-05
1.711628262362003565e+09 -6.100000000000000000e+04 -1.935742540000000018e-05
1.711628287040550947e+09 -6.000000000000000000e+04 -1.934984870000000154e-05
1.711628310919800282e+09 -5.900000000000000000e+04 -1.936299579999999995e-05
1.711628335608029127e+09 -5.800000000000000000e+04 -1.936096250000000056e-05
1.711628360106343269e+09 -5.700000000000000000e+04 -1.937137590000000167e-05
1.711628384491729259e+09 -5.600000000000000000e+04 -1.938409579999999879e-05
1.711628400404186726e+09 -5.500000000000000000e+04 -1.939528200000000124e-05
1.711628424383987188e+09 -5.400000000000000000e+04 -1.938684640000000106e-05
1.711628448473456860e+09 -5.300000000000000000e+04 -1.940088899999999910e-05
1.711628471750422478e+09 -5.200000000000000000e+04 -1.942062779999999839e-05
1.711628495833023548e+09 -5.100000000000000000e+04 -1.941395250000000087e-05
1.711628519717844486e+09 -5.000000000000000000e+04 -1.941347819999999941e-05
1.711628543885857344e+09 -4.900000000000000000e+04 -1.941965980000000047e-05
1.711628567782933712e+09 -4.800000000000000000e+04 -1.941731720000000098e-05
1.711628592003106356e+09 -4.700000000000000000e+04 -1.943807870000000053e-05
1.711628615675576210e+09 -4.600000000000000000e+04 -1.943812120000000011e-05
1.711628640401257277e+09 -4.500000000000000000e+04 -1.943632150000000107e-05
1.711628664879077196e+09 -4.400000000000000000e+04 -1.945782739999999888e-05
1.711628689394572020e+09 -4.300000000000000000e+04 -1.946042570000000054e-05
1.711628714080608606e+09 -4.200000000000000000e+04 -1.947138469999999875e-05
1.711628738582368612e+09 -4.100000000000000000e+04 -1.945667210000000128e-05
1.711628754498037338e+09 -4.000000000000000000e+04 -1.947745199999999981e-05
1.711628776964115143e+09 -3.900000000000000000e+04 -1.947351539999999994e-05
1.711628800233942032e+09 -3.800000000000000000e+04 -1.947586510000000020e-05
1.711628825129893303e+09 -3.700000000000000000e+04 -1.948348599999999908e-05
1.711628849211010933e+09 -3.600000000000000000e+04 -1.949596760000000040e-05
1.711628865126498699e+09 -3.500000000000000000e+04 -1.950564620000000079e-05
1.711628889704354763e+09 -3.400000000000000000e+04 -1.950668340000000071e-05
1.711628913778285503e+09 -3.300000000000000000e+04 -1.950533559999999980e-05
1.711628937861229897e+09 -3.200000000000000000e+04 -1.951674729999999905e-05
1.711628961837796450e+09 -3.100000000000000000e+04 -1.951996340000000137e-05
1.711628985877114534e+09 -3.000000000000000000e+04 -1.953610469999999971e-05
1.711629009347784758e+09 -2.900000000000000000e+04 -1.953782180000000152e-05
1.711629033220806122e+09 -2.800000000000000000e+04 -1.953109300000000094e-05
1.711629057012778044e+09 -2.700000000000000000e+04 -1.953943369999999949e-05
1.711629081087347507e+09 -2.600000000000000000e+04 -1.955320049999999910e-05
1.711629096999795675e+09 -2.500000000000000000e+04 -1.956422229999999981e-05
1.711629120978003740e+09 -2.400000000000000000e+04 -1.956236100000000093e-05
1.711629144652007580e+09 -2.300000000000000000e+04 -1.956419529999999928e-05
1.711629168583059311e+09 -2.200000000000000000e+04 -1.956786949999999935e-05
1.711629192258246183e+09 -2.100000000000000000e+04 -1.957419949999999833e-05
1.711629216339643955e+09 -2.000000000000000000e+04 -1.958178839999999971e-05
1.711629239825958490e+09 -1.900000000000000000e+04 -1.958306499999999984e-05
1.711629263699325085e+09 -1.800000000000000000e+04 -1.958569580000000038e-05
1.711629287181519032e+09 -1.700000000000000000e+04 -1.959681519999999938e-05
1.711629311155390263e+09 -1.600000000000000000e+04 -1.959021299999999979e-05
1.711629334222903728e+09 -1.500000000000000000e+04 -1.959457589999999980e-05
1.711629358306308746e+09 -1.400000000000000000e+04 -1.960845210000000070e-05
1.711629382600844860e+09 -1.300000000000000000e+04 -1.960902240000000142e-05
1.711629398510253906e+09 -1.200000000000000000e+04 -1.962951369999999915e-05
1.711629420971989155e+09 -1.100000000000000000e+04 -1.960819129999999993e-05
1.711629444036936283e+09 -1.000000000000000000e+04 -1.961657769999999951e-05
1.711629468519821167e+09 -9.000000000000000000e+03 -1.961864939999999929e-05
1.711629492202185392e+09 -8.000000000000000000e+03 -1.961842050000000117e-05
1.711629515881123781e+09 -7.000000000000000000e+03 -1.962490920000000026e-05
1.711629539444944620e+09 -6.000000000000000000e+03 -1.962924239999999968e-05
1.711629563012348413e+09 -5.000000000000000000e+03 -1.962144460000000157e-05
1.711629586088838339e+09 -4.000000000000000000e+03 -1.963040299999999915e-05
1.711629608955806494e+09 -3.000000000000000000e+03 -1.963789409999999898e-05
1.711629631729208231e+09 -2.000000000000000000e+03 -1.964725919999999845e-05
1.711629654590862989e+09 -1.000000000000000000e+03 -1.964995619999999942e-05
1.711629726970200300e+09 0.000000000000000000e+00 -1.963940699999999951e-05
1.711629750152012825e+09 1.000000000000000000e+03 -1.965232429999999865e-05
1.711629771625312090e+09 2.000000000000000000e+03 -1.964302209999999993e-05
1.711629795505484819e+09 3.000000000000000000e+03 -1.964003290000000034e-05
1.711629818774527550e+09 4.000000000000000000e+03 -1.964435299999999925e-05
1.711629842244176865e+09 5.000000000000000000e+03 -1.963599479999999947e-05
1.711629866117547989e+09 6.000000000000000000e+03 -1.963199600000000014e-05
1.711629890017370939e+09 7.000000000000000000e+03 -1.963137830000000111e-05
1.711629913368430614e+09 8.000000000000000000e+03 -1.962647960000000143e-05
1.711629937446172953e+09 9.000000000000000000e+03 -1.962776889999999892e-05
1.711629961325052261e+09 1.000000000000000000e+04 -1.963409629999999948e-05
1.711629985192358732e+09 1.100000000000000000e+04 -1.964239469999999832e-05
1.711630001112210989e+09 1.200000000000000000e+04 -1.964662420000000146e-05
1.711630074910642147e+09 1.300000000000000000e+04 -1.963585769999999977e-05
1.711630098998445034e+09 1.400000000000000000e+04 -1.962584879999999850e-05
1.711630122886602640e+09 1.500000000000000000e+04 -1.962376100000000004e-05
1.711630138798072338e+09 1.600000000000000000e+04 -1.964783980000000139e-05
1.711630154714478016e+09 1.700000000000000000e+04 -1.964118809999999970e-05
1.711630178483665943e+09 1.800000000000000000e+04 -1.962275759999999991e-05
1.711630202173888445e+09 1.900000000000000000e+04 -1.962435919999999906e-05
1.711630225853075027e+09 2.000000000000000000e+04 -1.962458380000000149e-05
1.711630249629318476e+09 2.100000000000000000e+04 -1.961417879999999866e-05
1.711630273645140171e+09 2.200000000000000000e+04 -1.960890089999999902e-05
1.711630297396017313e+09 2.300000000000000000e+04 -1.961409330000000149e-05
1.711630321395719051e+09 2.400000000000000000e+04 -1.960963209999999854e-05
1.711630345676410913e+09 2.500000000000000000e+04 -1.961657820000000090e-05
1.711630369389442444e+09 2.600000000000000000e+04 -1.961404390000000102e-05
1.711630393864089251e+09 2.700000000000000000e+04 -1.959682119999999912e-05
1.711630418343017817e+09 2.800000000000000000e+04 -1.960838010000000040e-05
1.711630442239434004e+09 2.900000000000000000e+04 -1.961098279999999938e-05
1.711630466525702477e+09 3.000000000000000000e+04 -1.960931860000000100e-05
1.711630491124729156e+09 3.100000000000000000e+04 -1.960401600000000113e-05
1.711630514999037027e+09 3.200000000000000000e+04 -1.960771610000000071e-05
1.711630539076945782e+09 3.300000000000000000e+04 -1.959447569999999970e-05
1.711630562965082884e+09 3.400000000000000000e+04 -1.959438089999999971e-05
1.711630587244092226e+09 3.500000000000000000e+04 -1.960289890000000063e-05
1.711630611041663885e+09 3.600000000000000000e+04 -1.960428239999999848e-05
1.711630635525644541e+09 3.700000000000000000e+04 -1.960620669999999974e-05
1.711630660207912683e+09 3.800000000000000000e+04 -1.960780269999999891e-05
1.711630684405163288e+09 3.900000000000000000e+04 -1.960615919999999981e-05
1.711630733643421173e+09 4.000000000000000000e+04 -1.960114489999999923e-05
1.711630757930398703e+09 4.100000000000000000e+04 -1.960433619999999967e-05
1.711630782003761053e+09 4.200000000000000000e+04 -1.960427160000000166e-05
1.711630806093490362e+09 4.300000000000000000e+04 -1.959697549999999853e-05
1.711630830179348946e+09 4.400000000000000000e+04 -1.960679180000000164e-05
1.711630854274848938e+09 4.500000000000000000e+04 -1.959399330000000146e-05
1.711630878350609303e+09 4.600000000000000000e+04 -1.958831620000000046e-05
1.711630902445399523e+09 4.700000000000000000e+04 -1.960300399999999945e-05
1.711630926923571825e+09 4.800000000000000000e+04 -1.959601930000000021e-05
1.711630951037888527e+09 4.900000000000000000e+04 -1.959608909999999846e-05
1.711630975111813307e+09 5.000000000000000000e+04 -1.959451730000000153e-05
1.711630999200084925e+09 5.100000000000000000e+04 -1.959534169999999862e-05
1.711631023680490017e+09 5.200000000000000000e+04 -1.959337840000000073e-05
1.711631048183273077e+09 5.300000000000000000e+04 -1.959837099999999925e-05
1.711631072058708191e+09 5.400000000000000000e+04 -1.960133400000000121e-05
1.711631104435399771e+09 5.500000000000000000e+04 -1.960160789999999909e-05
1.711631128647303581e+09 5.600000000000000000e+04 -1.959244620000000138e-05
1.711631152658892632e+09 5.700000000000000000e+04 -1.957483130000000065e-05
1.711631176602448702e+09 5.800000000000000000e+04 -1.959229970000000062e-05
1.711631200517166615e+09 5.900000000000000000e+04 -1.958787980000000137e-05
1.711631216429776907e+09 6.000000000000000000e+04 -1.960875359999999875e-05
1.711631240499167442e+09 6.100000000000000000e+04 -1.959467160000000094e-05
1.711631264491336823e+09 6.200000000000000000e+04 -1.958723079999999934e-05
1.711631288372791767e+09 6.300000000000000000e+04 -1.959301660000000036e-05
1.711631312151952982e+09 6.400000000000000000e+04 -1.959103359999999919e-05
1.711631335945371389e+09 6.500000000000000000e+04 -1.957787050000000034e-05
1.711631359623281002e+09 6.600000000000000000e+04 -1.956597880000000139e-05
1.711631383539517164e+09 6.700000000000000000e+04 -1.959164940000000107e-05
1.711631407614504099e+09 6.800000000000000000e+04 -1.958076509999999982e-05
1.711631431489279747e+09 6.900000000000000000e+04 -1.958358100000000138e-05
1.711631455478591919e+09 7.000000000000000000e+04 -1.958190300000000122e-05
1.711631479450653791e+09 7.100000000000000000e+04 -1.957787599999999870e-05
1.711631503458883524e+09 7.200000000000000000e+04 -1.956761820000000129e-05
1.711631527432838440e+09 7.300000000000000000e+04 -1.958441619999999868e-05
1.711631551313733101e+09 7.400000000000000000e+04 -1.958154229999999849e-05
1.711631575410990477e+09 7.500000000000000000e+04 -1.958151739999999837e-05
1.711631591325145483e+09 7.600000000000000000e+04 -1.959328800000000145e-05
1.711631615292637587e+09 7.700000000000000000e+04 -1.957488139999999900e-05
1.711631639433907509e+09 7.800000000000000000e+04 -1.957628309999999934e-05
1.711631655346632719e+09 7.900000000000000000e+04 -1.958936010000000139e-05
1.711631679433109283e+09 8.000000000000000000e+04 -1.957052039999999954e-05
1.711631703525419474e+09 8.100000000000000000e+04 -1.955805499999999853e-05
1.711631727603775024e+09 8.200000000000000000e+04 -1.958420760000000008e-05
1.711631751481921673e+09 8.300000000000000000e+04 -1.957105570000000120e-05
1.711631775363202333e+09 8.400000000000000000e+04 -1.957247730000000131e-05
1.711631799441153526e+09 8.500000000000000000e+04 -1.957050669999999939e-05
1.711631823520647764e+09 8.600000000000000000e+04 -1.956275439999999904e-05
1.711631847608076572e+09 8.700000000000000000e+04 -1.956887710000000032e-05
1.711631871679262877e+09 8.800000000000000000e+04 -1.958028470000000037e-05
1.711631895555316210e+09 8.900000000000000000e+04 -1.955953489999999879e-05
1.711631919481426716e+09 9.000000000000000000e+04 -1.956390480000000132e-05
1.711631935702235460e+09 9.000000000000000000e+04 -1.959270730000000027e-05
1.711631959576186419e+09 8.900000000000000000e+04 -1.957476009999999987e-05
1.711631983347359896e+09 8.800000000000000000e+04 -1.957193690000000105e-05
1.711632007446448088e+09 8.700000000000000000e+04 -1.959452439999999891e-05
1.711632031526600599e+09 8.600000000000000000e+04 -1.959292250000000164e-05
1.711632055618094921e+09 8.500000000000000000e+04 -1.957544010000000000e-05
1.711632079453797102e+09 8.400000000000000000e+04 -1.961561710000000048e-05
1.711632103331531763e+09 8.300000000000000000e+04 -1.960211069999999849e-05
1.711632126209272385e+09 8.200000000000000000e+04 -1.960649399999999965e-05
1.711632148580681562e+09 8.100000000000000000e+04 -1.961752629999999906e-05
1.711632171847185135e+09 8.000000000000000000e+04 -1.961985850000000147e-05
1.711632195925909519e+09 7.900000000000000000e+04 -1.962483230000000125e-05
1.711632219596923590e+09 7.800000000000000000e+04 -1.961795279999999908e-05
1.711632243747949362e+09 7.700000000000000000e+04 -1.963013849999999894e-05
1.711632267722596884e+09 7.600000000000000000e+04 -1.962616010000000076e-05
1.711632291518035173e+09 7.500000000000000000e+04 -1.965251900000000062e-05
1.711632315298757315e+09 7.400000000000000000e+04 -1.965276730000000050e-05
1.711632339580618858e+09 7.300000000000000000e+04 -1.965084739999999996e-05
1.711632363672616005e+09 7.200000000000000000e+04 -1.964065829999999977e-05
1.711632387545127630e+09 7.100000000000000000e+04 -1.965033260000000108e-05
1.711632403468369484e+09 7.000000000000000000e+04 -1.965983289999999971e-05
1.711632425830971718e+09 6.900000000000000000e+04 -1.967210270000000098e-05
1.711632448802293539e+09 6.800000000000000000e+04 -1.967260620000000165e-05
1.711632473282470942e+09 6.700000000000000000e+04 -1.968180870000000167e-05
1.711632496971130848e+09 6.600000000000000000e+04 -1.967879850000000129e-05
1.711632521046413660e+09 6.500000000000000000e+04 -1.968382489999999960e-05
1.711632544928928137e+09 6.400000000000000000e+04 -1.970070809999999943e-05
1.711632560839084387e+09 6.300000000000000000e+04 -1.967825520000000109e-05
1.711632584313593626e+09 6.200000000000000000e+04 -1.968813899999999876e-05
1.711632608324710846e+09 6.100000000000000000e+04 -1.970943119999999938e-05
1.711632632012439728e+09 6.000000000000000000e+04 -1.971881360000000020e-05
1.711632656086917877e+09 5.900000000000000000e+04 -1.971453910000000068e-05
1.711632679775649786e+09 5.800000000000000000e+04 -1.970643090000000146e-05
1.711632703853494167e+09 5.700000000000000000e+04 -1.972093319999999967e-05
1.711632727200504541e+09 5.600000000000000000e+04 -1.972621979999999910e-05
1.711632751268234253e+09 5.500000000000000000e+04 -1.973047899999999944e-05
1.711632775364005327e+09 5.400000000000000000e+04 -1.972864740000000115e-05
1.711632799435488939e+09 5.300000000000000000e+04 -1.973196409999999993e-05
1.711632823529915810e+09 5.200000000000000000e+04 -1.973320760000000154e-05
1.711632855894216299e+09 5.100000000000000000e+04 -1.974030999999999871e-05
1.711632887651391506e+09 5.000000000000000000e+04 -1.974254749999999938e-05
1.711632911859023571e+09 4.900000000000000000e+04 -1.974950140000000039e-05
1.711632936139400005e+09 4.800000000000000000e+04 -1.976003699999999839e-05
1.711632960430378675e+09 4.700000000000000000e+04 -1.975273929999999962e-05
1.711632983709599972e+09 4.600000000000000000e+04 -1.977827379999999900e-05
1.711633007986045599e+09 4.500000000000000000e+04 -1.976529520000000153e-05
1.711633032087253332e+09 4.400000000000000000e+04 -1.978342289999999898e-05
1.711633048008390903e+09 4.300000000000000000e+04 -1.975447670000000095e-05
1.711633071785122633e+09 4.200000000000000000e+04 -1.979246749999999838e-05
1.711633095969800711e+09 4.100000000000000000e+04 -1.977523720000000111e-05
1.711633118434680939e+09 4.000000000000000000e+04 -1.979490860000000069e-05
1.711633141701732159e+09 3.900000000000000000e+04 -1.979524229999999951e-05
1.711633165744265795e+09 3.800000000000000000e+04 -1.979775789999999890e-05
1.711633189648685217e+09 3.700000000000000000e+04 -1.981048930000000089e-05
1.711633213624282837e+09 3.600000000000000000e+04 -1.980831729999999938e-05
1.711633237305719852e+09 3.500000000000000000e+04 -1.981856100000000027e-05
1.711633253220512867e+09 3.400000000000000000e+04 -1.980905599999999942e-05
1.711633276805619478e+09 3.300000000000000000e+04 -1.981838970000000103e-05
1.711633300716783047e+09 3.200000000000000000e+04 -1.982976129999999924e-05
1.711633324791004419e+09 3.100000000000000000e+04 -1.984129829999999858e-05
1.711633349049373627e+09 3.000000000000000000e+04 -1.983811920000000089e-05
1.711633372440997839e+09 2.900000000000000000e+04 -1.984918049999999962e-05
1.711633396633006573e+09 2.800000000000000000e+04 -1.984641899999999888e-05
1.711633420329765558e+09 2.700000000000000000e+04 -1.984685379999999894e-05
1.711633444206858635e+09 2.600000000000000000e+04 -1.986031770000000135e-05
1.711633468351577282e+09 2.500000000000000000e+04 -1.986311739999999920e-05
1.711633484266668558e+09 2.400000000000000000e+04 -1.985097510000000007e-05
1.711633506629951715e+09 2.300000000000000000e+04 -1.986757159999999963e-05
1.711633529797832966e+09 2.200000000000000000e+04 -1.987488750000000089e-05
1.711633545706954002e+09 2.100000000000000000e+04 -1.986057160000000122e-05
1.711633569680387020e+09 2.000000000000000000e+04 -1.988241479999999905e-05
1.711633593566004515e+09 1.900000000000000000e+04 -1.988102679999999886e-05
1.711633616656459570e+09 1.800000000000000000e+04 -1.989593570000000071e-05
1.711633640535166979e+09 1.700000000000000000e+04 -1.989606060000000104e-05
1.711633664224580050e+09 1.600000000000000000e+04 -1.991485569999999950e-05
1.711633680136286497e+09 1.500000000000000000e+04 -1.989776439999999907e-05
1.711633703914040327e+09 1.400000000000000000e+04 -1.991527940000000123e-05
1.711633719828176498e+09 1.300000000000000000e+04 -1.990252159999999834e-05
1.711633743699632168e+09 1.200000000000000000e+04 -1.992388249999999956e-05
1.711633759610785246e+09 1.100000000000000000e+04 -1.992307049999999833e-05
1.711633783693159819e+09 1.000000000000000000e+04 -1.993190910000000094e-05
1.711633807563773870e+09 9.000000000000000000e+03 -1.993034190000000122e-05
1.711633831641262531e+09 8.000000000000000000e+03 -1.993874610000000015e-05
1.711633855325917244e+09 7.000000000000000000e+03 -1.994840210000000072e-05
1.711633880126433134e+09 6.000000000000000000e+03 -1.994756200000000131e-05
1.711633903697139740e+09 5.000000000000000000e+03 -1.995031840000000006e-05
1.711633927381514072e+09 4.000000000000000000e+03 -1.996763279999999875e-05
1.711633950895179510e+09 3.000000000000000000e+03 -1.996753199999999902e-05
1.711633974377777100e+09 2.000000000000000000e+03 -1.997749419999999987e-05
1.711633997452098370e+09 1.000000000000000000e+03 -1.998261529999999993e-05
1.711634020725988865e+09 0.000000000000000000e+00 -1.996678649999999972e-05
1.711634043994765282e+09 -1.000000000000000000e+03 -1.998291820000000051e-05
1.711634066260362387e+09 -2.000000000000000000e+03 -1.998281870000000169e-05
1.711634089371309519e+09 -3.000000000000000000e+03 -1.997956789999999843e-05
1.711634113451339722e+09 -4.000000000000000000e+03 -1.998183129999999861e-05
1.711634137526273489e+09 -5.000000000000000000e+03 -1.998031030000000131e-05
1.711634161733012915e+09 -6.000000000000000000e+03 -1.998470490000000069e-05
1.711634185708233118e+09 -7.000000000000000000e+03 -1.998923449999999934e-05
1.711634209560423851e+09 -8.000000000000000000e+03 -1.998595479999999840e-05
1.711634233433896303e+09 -9.000000000000000000e+03 -1.998398050000000043e-05
1.711634257412792683e+09 -1.000000000000000000e+04 -1.999367340000000060e-05
1.711634281290312052e+09 -1.100000000000000000e+04 -1.999204929999999988e-05
1.711634305058977127e+09 -1.200000000000000000e+04 -1.998482940000000126e-05
1.711634329150365591e+09 -1.300000000000000000e+04 -1.998870339999999851e-05
1.711634353041139364e+09 -1.400000000000000000e+04 -1.998353580000000130e-05
1.711634377524421215e+09 -1.500000000000000000e+04 -1.998043499999999838e-05
1.711634402011942863e+09 -1.600000000000000000e+04 -1.998717780000000061e-05
1.711634426090931177e+09 -1.700000000000000000e+04 -1.997571170000000054e-05
1.711634450380391598e+09 -1.800000000000000000e+04 -1.998787659999999949e-05
1.711634474260479927e+09 -1.900000000000000000e+04 -1.997626770000000148e-05
1.711634498230675936e+09 -2.000000000000000000e+04 -1.998314230000000156e-05
1.711634522229657173e+09 -2.100000000000000000e+04 -1.997353790000000012e-05
1.711634546204539537e+09 -2.200000000000000000e+04 -1.998159489999999996e-05
1.711634570289840221e+09 -2.300000000000000000e+04 -1.998053160000000066e-05
1.711634594374109268e+09 -2.400000000000000000e+04 -1.997525020000000146e-05
1.711634618350093365e+09 -2.500000000000000000e+04 -1.997930940000000136e-05
1.711634642340912104e+09 -2.600000000000000000e+04 -1.997600969999999902e-05
1.711634666322426796e+09 -2.700000000000000000e+04 -1.997668289999999990e-05
1.711634690396947622e+09 -2.800000000000000000e+04 -1.997849009999999947e-05
1.711634722760955572e+09 -2.900000000000000000e+04 -1.997738310000000131e-05
1.711634755012241840e+09 -3.000000000000000000e+04 -1.998406370000000069e-05
1.711634787497803211e+09 -3.100000000000000000e+04 -1.996909319999999900e-05
1.711634811390180111e+09 -3.200000000000000000e+04 -1.997724890000000155e-05
1.711634836063953400e+09 -3.300000000000000000e+04 -1.997326700000000041e-05
1.711634860747964144e+09 -3.400000000000000000e+04 -1.996075449999999923e-05
1.711634884833222389e+09 -3.500000000000000000e+04 -1.996093229999999961e-05
1.711634909536747932e+09 -3.600000000000000000e+04 -1.996869480000000054e-05
1.711634934227951527e+09 -3.700000000000000000e+04 -1.994930820000000068e-05
1.711634958313270569e+09 -3.800000000000000000e+04 -1.995993940000000157e-05
1.711634982814861774e+09 -3.900000000000000000e+04 -1.994813470000000058e-05
1.711635007503196001e+09 -4.000000000000000000e+04 -1.996036759999999887e-05
1.711635032190567493e+09 -4.100000000000000000e+04 -1.994596129999999992e-05
1.711635056872726202e+09 -4.200000000000000000e+04 -1.995568049999999936e-05
1.711635080952122450e+09 -4.300000000000000000e+04 -1.995676610000000036e-05
1.711635105659801245e+09 -4.400000000000000000e+04 -1.994729899999999850e-05
1.711635130130686760e+09 -4.500000000000000000e+04 -1.993699100000000110e-05
1.711635154104117155e+09 -4.600000000000000000e+04 -1.995321990000000043e-05
1.711635178200189114e+09 -4.700000000000000000e+04 -1.993704849999999835e-05
1.711635202878367662e+09 -4.800000000000000000e+04 -1.994510099999999923e-05
1.711635226976857185e+09 -4.900000000000000000e+04 -1.993837409999999919e-05
1.711635251666345119e+09 -5.000000000000000000e+04 -1.993551619999999944e-05
1.711635275687418461e+09 -5.100000000000000000e+04 -1.994411390000000106e-05
1.711635300380790234e+09 -5.200000000000000000e+04 -1.991873390000000097e-05
1.711635324555862427e+09 -5.300000000000000000e+04 -1.994709670000000115e-05
1.711635348646491289e+09 -5.400000000000000000e+04 -1.994637250000000077e-05
1.711635372639585733e+09 -5.500000000000000000e+04 -1.993114639999999855e-05
1.711635396413298368e+09 -5.600000000000000000e+04 -1.991770989999999981e-05
1.711635420508878946e+09 -5.700000000000000000e+04 -1.993495279999999960e-05
1.711635444585035086e+09 -5.800000000000000000e+04 -1.993681340000000060e-05
1.711635468859398365e+09 -5.900000000000000000e+04 -1.992350679999999917e-05
1.711635493761812449e+09 -6.000000000000000000e+04 -1.991748950000000161e-05
1.711635518642682314e+09 -6.100000000000000000e+04 -1.993167869999999865e-05
1.711635543134002924e+09 -6.200000000000000000e+04 -1.993173630000000092e-05
1.711635567645697355e+09 -6.300000000000000000e+04 -1.989899449999999866e-05
1.711635591730302811e+09 -6.400000000000000000e+04 -1.991549950000000131e-05
1.711635616465776443e+09 -6.500000000000000000e+04 -1.990618689999999874e-05
1.711635641349061728e+09 -6.600000000000000000e+04 -1.990869159999999967e-05
1.711635665437979460e+09 -6.700000000000000000e+04 -1.990800539999999991e-05
1.711635689920447826e+09 -6.800000000000000000e+04 -1.990293560000000087e-05
1.711635714420665741e+09 -6.900000000000000000e+04 -1.989179810000000101e-05
1.711635739099418879e+09 -7.000000000000000000e+04 -1.989311029999999984e-05
1.711635772084200621e+09 -7.100000000000000000e+04 -1.988371189999999858e-05
1.711635805053869724e+09 -7.200000000000000000e+04 -1.989557390000000034e-05
1.711635820967524052e+09 -7.300000000000000000e+04 -1.988814829999999967e-05
1.711635845541784286e+09 -7.400000000000000000e+04 -1.988764049999999992e-05
1.711635870021083593e+09 -7.500000000000000000e+04 -1.990656159999999974e-05
1.711635894721149445e+09 -7.600000000000000000e+04 -1.988733730000000121e-05
1.711635919398494720e+09 -7.700000000000000000e+04 -1.988852090000000025e-05
1.711635944081264496e+09 -7.800000000000000000e+04 -1.989401960000000124e-05
1.711635968783266783e+09 -7.900000000000000000e+04 -1.987037210000000038e-05
1.711635993462558746e+09 -8.000000000000000000e+04 -1.988505619999999993e-05
1.711636018167012215e+09 -8.100000000000000000e+04 -1.985744480000000054e-05
1.711636042649079800e+09 -8.200000000000000000e+04 -1.986765949999999873e-05
1.711636067145842075e+09 -8.300000000000000000e+04 -1.985630539999999836e-05
1.711636091230116367e+09 -8.400000000000000000e+04 -1.986491279999999917e-05
1.711636115917960405e+09 -8.500000000000000000e+04 -1.987215820000000092e-05
1.711636140000146866e+09 -8.600000000000000000e+04 -1.987708439999999913e-05
1.711636164681225061e+09 -8.700000000000000000e+04 -1.989024560000000083e-05
1.711636239167220116e+09 -8.800000000000000000e+04 -1.988447219999999905e-05
1.711636263360348225e+09 -8.900000000000000000e+04 -1.986711099999999831e-05
1.711636287942757845e+09 -9.000000000000000000e+04 -1.986881690000000014e-05
