1.711653518852396727e+09 -9.000000000000000000e+04 -1.489476900000000030e-05
1.711653543954338789e+09 -8.900000000000000000e+04 -1.489627730000000024e-05
1.711653568234123230e+09 -8.800000000000000000e+04 -1.492682709999999959e-05
1.711653601402451038e+09 -8.700000000000000000e+04 -1.496040140000000079e-05
1.711653625683532000e+09 -8.600000000000000000e+04 -1.499059720000000010e-05
1.711653650739997625e+09 -8.500000000000000000e+04 -1.502098459999999988e-05
1.711653725324131489e+09 -8.400000000000000000e+04 -1.502831089999999991e-05
1.711653750519591093e+09 -8.300000000000000000e+04 -1.503088550000000071e-05
1.711653775610414505e+09 -8.200000000000000000e+04 -1.506026100000000045e-05
1.711653800431763887e+09 -8.100000000000000000e+04 -1.503567459999999923e-05
1.711653825328805685e+09 -8.000000000000000000e+04 -1.500585130000000056e-05
1.711653849447520494e+09 -7.900000000000000000e+04 -1.504319209999999996e-05
1.711653873521800995e+09 -7.800000000000000000e+04 -1.508299449999999937e-05
1.711653898438332081e+09 -7.700000000000000000e+04 -1.507352949999999962e-05
1.711653922920274258e+09 -7.600000000000000000e+04 -1.514199179999999994e-05
1.711653948029030085e+09 -7.500000000000000000e+04 -1.509574579999999943e-05
1.711653972508279324e+09 -7.400000000000000000e+04 -1.511484890000000047e-05
1.711653997405697346e+09 -7.300000000000000000e+04 -1.509938889999999977e-05
1.711654022084992409e+09 -7.200000000000000000e+04 -1.517545499999999919e-05
1.711654046973560572e+09 -7.100000000000000000e+04 -1.513460350000000032e-05
1.711654071255442381e+09 -7.000000000000000000e+04 -1.513477709999999986e-05
1.711654096165761471e+09 -6.900000000000000000e+04 -1.509857549999999938e-05
1.711654120847534180e+09 -6.800000000000000000e+04 -1.518242719999999925e-05
1.711654136765636444e+09 -6.700000000000000000e+04 -1.527837040000000032e-05
1.711654161590617180e+09 -6.600000000000000000e+04 -1.512744909999999917e-05
1.711654185688911915e+09 -6.500000000000000000e+04 -1.515425569999999972e-05
1.711654209805303812e+09 -6.400000000000000000e+04 -1.517131739999999950e-05
1.711654234484543562e+09 -6.300000000000000000e+04 -1.520330449999999958e-05
1.711654250402736902e+09 -6.200000000000000000e+04 -1.522508899999999920e-05
1.711654273684812784e+09 -6.100000000000000000e+04 -1.524546949999999988e-05
1.711654346670494795e+09 -6.000000000000000000e+04 -1.522251390000000039e-05
1.711654371575787067e+09 -5.900000000000000000e+04 -1.525061629999999956e-05
1.711654400228472471e+09 -5.800000000000000000e+04 -1.523374489999999934e-05
1.711654424943783760e+09 -5.700000000000000000e+04 -1.527944520000000110e-05
1.711654448830058813e+09 -5.600000000000000000e+04 -1.523225259999999984e-05
1.711654472914716721e+09 -5.500000000000000000e+04 -1.521772950000000072e-05
1.711654496821806192e+09 -5.400000000000000000e+04 -1.525345169999999944e-05
1.711654521097577572e+09 -5.300000000000000000e+04 -1.526029130000000045e-05
1.711654545576564789e+09 -5.200000000000000000e+04 -1.527430779999999910e-05
1.711654569866539478e+09 -5.100000000000000000e+04 -1.527302659999999837e-05
1.711654592729984760e+09 -5.000000000000000000e+04 -1.530698019999999948e-05
1.711654615695163965e+09 -4.900000000000000000e+04 -1.526122509999999882e-05
1.711654640571461201e+09 -4.800000000000000000e+04 -1.527475669999999906e-05
1.711654656488828421e+09 -4.700000000000000000e+04 -1.533533219999999944e-05
1.711654672612942219e+09 -4.600000000000000000e+04 -1.542328819999999891e-05
1.711654696583802223e+09 -4.500000000000000000e+04 -1.528157230000000110e-05
1.711654721471677065e+09 -4.400000000000000000e+04 -1.533799870000000031e-05
1.711654745560122967e+09 -4.300000000000000000e+04 -1.528507200000000049e-05
1.711654770254539490e+09 -4.200000000000000000e+04 -1.533867580000000051e-05
1.711654786173538208e+09 -4.100000000000000000e+04 -1.533811200000000091e-05
1.711654810250476837e+09 -4.000000000000000000e+04 -1.534383550000000083e-05
1.711654826162874222e+09 -3.900000000000000000e+04 -1.541305630000000101e-05
1.711654850356116295e+09 -3.800000000000000000e+04 -1.538267059999999850e-05
1.711654874494880438e+09 -3.700000000000000000e+04 -1.536182400000000154e-05
1.711654898582664490e+09 -3.600000000000000000e+04 -1.534307210000000055e-05
1.711654922474740267e+09 -3.500000000000000000e+04 -1.534697339999999984e-05
1.711654946352843761e+09 -3.400000000000000000e+04 -1.534297949999999922e-05
1.711654970647554159e+09 -3.300000000000000000e+04 -1.538836210000000092e-05
1.711654994658415794e+09 -3.200000000000000000e+04 -1.538201770000000054e-05
1.711655018627090216e+09 -3.100000000000000000e+04 -1.539097619999999975e-05
1.711655042702945709e+09 -3.000000000000000000e+04 -1.539884950000000111e-05
1.711655065971459627e+09 -2.900000000000000000e+04 -1.541121409999999899e-05
1.711655090269543648e+09 -2.800000000000000000e+04 -1.540084760000000157e-05
1.711655114152722836e+09 -2.700000000000000000e+04 -1.541724100000000088e-05
1.711655139029733181e+09 -2.600000000000000000e+04 -1.542741479999999851e-05
1.711655162921050549e+09 -2.500000000000000000e+04 -1.543266420000000022e-05
1.711655178842139959e+09 -2.400000000000000000e+04 -1.546628130000000082e-05
1.711655202517743826e+09 -2.300000000000000000e+04 -1.543685850000000104e-05
1.711655226599058151e+09 -2.200000000000000000e+04 -1.543842059999999878e-05
1.711655249974309921e+09 -2.100000000000000000e+04 -1.544126390000000063e-05
1.711655274072719812e+09 -2.000000000000000000e+04 -1.543718409999999969e-05
1.711655297951645374e+09 -1.900000000000000000e+04 -1.545195839999999863e-05
1.711655322038409948e+09 -1.800000000000000000e+04 -1.546276060000000065e-05
1.711655345931249619e+09 -1.700000000000000000e+04 -1.546653949999999978e-05
1.711655369815446854e+09 -1.600000000000000000e+04 -1.547145929999999849e-05
1.711655393287430286e+09 -1.500000000000000000e+04 -1.546926990000000078e-05
1.711655417173562288e+09 -1.400000000000000000e+04 -1.547637700000000017e-05
1.711655440853189230e+09 -1.300000000000000000e+04 -1.547500849999999998e-05
1.711655464942056894e+09 -1.200000000000000000e+04 -1.548725079999999934e-05
1.711655487614576817e+09 -1.100000000000000000e+04 -1.548929299999999841e-05
1.711655511296243668e+09 -1.000000000000000000e+04 -1.548857119999999996e-05
1.711655534815028667e+09 -9.000000000000000000e+03 -1.548466060000000123e-05
1.711655558477793694e+09 -8.000000000000000000e+03 -1.545631969999999961e-05
1.711655581966352701e+09 -7.000000000000000000e+03 -1.544647219999999851e-05
1.711655605447888374e+09 -6.000000000000000000e+03 -1.540242519999999836e-05
1.711655628548107862e+09 -5.000000000000000000e+03 -1.537724470000000071e-05
1.711655651926012278e+09 -4.000000000000000000e+03 -1.534642669999999832e-05
1.711655674801519156e+09 -3.000000000000000000e+03 -1.531417759999999990e-05
1.711655698072851419e+09 -2.000000000000000000e+03 -1.529160720000000012e-05
1.711655721158177853e+09 -1.000000000000000000e+03 -1.526056069999999937e-05
1.711655744432926655e+09 0.000000000000000000e+00 -1.523558000000000059e-05
1.711655817629176378e+09 1.000000000000000000e+03 -1.525609699999999963e-05
1.711655839512675524e+09 2.000000000000000000e+03 -1.529802960000000055e-05
1.711655862682093382e+09 3.000000000000000000e+03 -1.532866640000000124e-05
1.711655886001797438e+09 4.000000000000000000e+03 -1.535762419999999899e-05
1.711655901911438704e+09 5.000000000000000000e+03 -1.541466480000000105e-05
1.711655925681650400e+09 6.000000000000000000e+03 -1.542146709999999931e-05
1.711655949556017399e+09 7.000000000000000000e+03 -1.544463289999999981e-05
1.711655973533341885e+09 8.000000000000000000e+03 -1.547295590000000046e-05
1.711655997406255245e+09 9.000000000000000000e+03 -1.550444360000000077e-05
1.711656021278869867e+09 1.000000000000000000e+04 -1.551330470000000157e-05
1.711656037192216396e+09 1.100000000000000000e+04 -1.554438760000000053e-05
1.711656061262420654e+09 1.200000000000000000e+04 -1.552714919999999971e-05
1.711656085153589249e+09 1.300000000000000000e+04 -1.553586229999999896e-05
1.711656101068724155e+09 1.400000000000000000e+04 -1.555498350000000086e-05
1.711656124846081257e+09 1.500000000000000000e+04 -1.552840359999999977e-05
1.711656149518903971e+09 1.600000000000000000e+04 -1.552107029999999892e-05
1.711656173912192822e+09 1.700000000000000000e+04 -1.552808059999999954e-05
1.711656197982575417e+09 1.800000000000000000e+04 -1.553787920000000155e-05
1.711656221865502357e+09 1.900000000000000000e+04 -1.553430200000000013e-05
1.711656237780500889e+09 2.000000000000000000e+04 -1.553534150000000034e-05
1.711656262357680321e+09 2.100000000000000000e+04 -1.551784550000000020e-05
1.711656286734988213e+09 2.200000000000000000e+04 -1.551670969999999921e-05
1.711656311215341330e+09 2.300000000000000000e+04 -1.549986999999999836e-05
1.711656343966813803e+09 2.400000000000000000e+04 -1.552834740000000004e-05
1.711656368347234726e+09 2.500000000000000000e+04 -1.553553260000000111e-05
1.711656392850059271e+09 2.600000000000000000e+04 -1.552765029999999844e-05
1.711656417532173872e+09 2.700000000000000000e+04 -1.552393779999999962e-05
1.711656442203687429e+09 2.800000000000000000e+04 -1.552325830000000087e-05
1.711656466511483192e+09 2.900000000000000000e+04 -1.553170039999999879e-05
1.711656490607626915e+09 3.000000000000000000e+04 -1.553831080000000017e-05
1.711656514697056293e+09 3.100000000000000000e+04 -1.551774609999999961e-05
1.711656538575660706e+09 3.200000000000000000e+04 -1.552685339999999989e-05
1.711656562447458029e+09 3.300000000000000000e+04 -1.553604739999999999e-05
1.711656586528012991e+09 3.400000000000000000e+04 -1.554040839999999945e-05
1.711656610413572073e+09 3.500000000000000000e+04 -1.554732850000000067e-05
1.711656659236897469e+09 3.600000000000000000e+04 -1.556524429999999983e-05
1.711656699883731604e+09 3.700000000000000000e+04 -1.554513079999999953e-05
1.711656724472132206e+09 3.800000000000000000e+04 -1.552297530000000005e-05
1.711656748548324347e+09 3.900000000000000000e+04 -1.553965490000000163e-05
1.711656764457949162e+09 4.000000000000000000e+04 -1.548125340000000154e-05
1.711656788533011198e+09 4.100000000000000000e+04 -1.554337369999999832e-05
1.711656812623418093e+09 4.200000000000000000e+04 -1.553345349999999905e-05
1.711656836439717293e+09 4.300000000000000000e+04 -1.550452570000000001e-05
1.711656860320953131e+09 4.400000000000000000e+04 -1.550308949999999861e-05
1.711656884001116514e+09 4.500000000000000000e+04 -1.556852070000000108e-05
1.711656907882942438e+09 4.600000000000000000e+04 -1.556062349999999899e-05
1.711656931769551754e+09 4.700000000000000000e+04 -1.551995420000000121e-05
1.711656955739250660e+09 4.800000000000000000e+04 -1.556470690000000113e-05
1.711656979861712933e+09 4.900000000000000000e+04 -1.553797670000000160e-05
1.711657003734847307e+09 5.000000000000000000e+04 -1.552526269999999920e-05
1.711657027809747934e+09 5.100000000000000000e+04 -1.552046530000000064e-05
1.711657052301753998e+09 5.200000000000000000e+04 -1.552429920000000023e-05
1.711657076690350056e+09 5.300000000000000000e+04 -1.555878809999999962e-05
1.711657100741744041e+09 5.400000000000000000e+04 -1.553809329999999850e-05
1.711657124853474140e+09 5.500000000000000000e+04 -1.553610519999999874e-05
1.711657148942573309e+09 5.600000000000000000e+04 -1.552252089999999835e-05
1.711657173102541924e+09 5.700000000000000000e+04 -1.553010349999999848e-05
1.711657196881115198e+09 5.800000000000000000e+04 -1.552793960000000052e-05
1.711657220868448257e+09 5.900000000000000000e+04 -1.553173419999999858e-05
1.711657244847142458e+09 6.000000000000000000e+04 -1.553060579999999987e-05
1.711657268942828655e+09 6.100000000000000000e+04 -1.553858189999999975e-05
1.711657309592554092e+09 6.200000000000000000e+04 -1.555378289999999859e-05
1.711657333359845400e+09 6.300000000000000000e+04 -1.551949249999999886e-05
1.711657357437712908e+09 6.400000000000000000e+04 -1.548650439999999889e-05
1.711657381514096737e+09 6.500000000000000000e+04 -1.555232189999999871e-05
1.711657405632554531e+09 6.600000000000000000e+04 -1.554886329999999976e-05
1.711657429828539371e+09 6.700000000000000000e+04 -1.551389480000000043e-05
1.711657454003851891e+09 6.800000000000000000e+04 -1.553467389999999945e-05
1.711657478135186195e+09 6.900000000000000000e+04 -1.557727399999999962e-05
1.711657502206290960e+09 7.000000000000000000e+04 -1.547413349999999976e-05
1.711657518172120571e+09 7.100000000000000000e+04 -1.553183760000000012e-05
1.711657542138991594e+09 7.200000000000000000e+04 -1.551596599999999882e-05
1.711657566817791700e+09 7.300000000000000000e+04 -1.552127859999999940e-05
1.711657590896677494e+09 7.400000000000000000e+04 -1.557556580000000088e-05
1.711657614968022585e+09 7.500000000000000000e+04 -1.545260499999999873e-05
1.711657638946199179e+09 7.600000000000000000e+04 -1.553464709999999879e-05
1.711657663013382435e+09 7.700000000000000000e+04 -1.554117359999999864e-05
1.711657687097784519e+09 7.800000000000000000e+04 -1.553105029999999912e-05
1.711657711779068232e+09 7.900000000000000000e+04 -1.549972390000000074e-05
1.711657735852381468e+09 8.000000000000000000e+04 -1.550033730000000069e-05
1.711657759926606655e+09 8.100000000000000000e+04 -1.554737770000000127e-05
1.711657783799473524e+09 8.200000000000000000e+04 -1.556401639999999891e-05
1.711657808356174707e+09 8.300000000000000000e+04 -1.552956539999999851e-05
1.711657832236505270e+09 8.400000000000000000e+04 -1.548570949999999912e-05
1.711657856318084240e+09 8.500000000000000000e+04 -1.554411469999999866e-05
1.711657880297818184e+09 8.600000000000000000e+04 -1.550412480000000137e-05
1.711657904380193472e+09 8.700000000000000000e+04 -1.553653830000000153e-05
1.711657928507062197e+09 8.800000000000000000e+04 -1.556013079999999854e-05
1.711657952585144520e+09 8.900000000000000000e+04 -1.555430480000000163e-05
1.711657976598624229e+09 9.000000000000000000e+04 -1.551679800000000146e-05
1.711657992710500956e+09 9.000000000000000000e+04 -1.548638980000000077e-05
1.711658016793512344e+09 8.900000000000000000e+04 -1.555803149999999860e-05
1.711658040935334921e+09 8.800000000000000000e+04 -1.553767840000000160e-05
1.711658056847385645e+09 8.700000000000000000e+04 -1.550915159999999944e-05
1.711658079422731638e+09 8.600000000000000000e+04 -1.556639079999999940e-05
1.711658102690211296e+09 8.500000000000000000e+04 -1.556279410000000136e-05
1.711658126577726603e+09 8.400000000000000000e+04 -1.555350809999999956e-05
1.711658150548164129e+09 8.300000000000000000e+04 -1.555271299999999991e-05
1.711658166465132952e+09 8.200000000000000000e+04 -1.544675909999999866e-05
1.711658189646412611e+09 8.100000000000000000e+04 -1.556552039999999976e-05
1.711658213719306469e+09 8.000000000000000000e+04 -1.559153290000000005e-05
1.711658237845925808e+09 7.900000000000000000e+04 -1.556690910000000123e-05
1.711658261715240002e+09 7.800000000000000000e+04 -1.557372910000000060e-05
1.711658285081668615e+09 7.700000000000000000e+04 -1.561702049999999913e-05
1.711658309323595524e+09 7.600000000000000000e+04 -1.557153779999999896e-05
1.711658333066803455e+09 7.500000000000000000e+04 -1.557982339999999880e-05
1.711658356952482224e+09 7.400000000000000000e+04 -1.557812170000000119e-05
1.711658380832881451e+09 7.300000000000000000e+04 -1.560740490000000111e-05
1.711658405115900517e+09 7.200000000000000000e+04 -1.565095860000000118e-05
1.711658428992345572e+09 7.100000000000000000e+04 -1.558114069999999961e-05
1.711658453209921837e+09 7.000000000000000000e+04 -1.559734920000000117e-05
1.711658476802107334e+09 6.900000000000000000e+04 -1.564125510000000067e-05
1.711658500869616985e+09 6.800000000000000000e+04 -1.560537479999999977e-05
1.711658524754291773e+09 6.700000000000000000e+04 -1.567624090000000134e-05
1.711658548804497004e+09 6.600000000000000000e+04 -1.560555330000000141e-05
1.711658572507037401e+09 6.500000000000000000e+04 -1.564947469999999996e-05
1.711658596584573746e+09 6.400000000000000000e+04 -1.567223199999999967e-05
1.711658620299843788e+09 6.300000000000000000e+04 -1.559937059999999933e-05
1.711658644411343098e+09 6.200000000000000000e+04 -1.561658959999999839e-05
1.711658668284363508e+09 6.100000000000000000e+04 -1.567199100000000043e-05
1.711658692375647068e+09 6.000000000000000000e+04 -1.567813509999999887e-05
1.711658716248335361e+09 5.900000000000000000e+04 -1.561186829999999933e-05
1.711658740529557467e+09 5.800000000000000000e+04 -1.567483300000000138e-05
1.711658764819839716e+09 5.700000000000000000e+04 -1.567745190000000068e-05
1.711658788691863060e+09 5.600000000000000000e+04 -1.565609440000000077e-05
1.711658812568021059e+09 5.500000000000000000e+04 -1.570895720000000046e-05
1.711658836535387754e+09 5.400000000000000000e+04 -1.570335090000000048e-05
1.711658859814027071e+09 5.300000000000000000e+04 -1.568602270000000001e-05
1.711658883893112659e+09 5.200000000000000000e+04 -1.570211540000000078e-05
1.711658908178491592e+09 5.100000000000000000e+04 -1.572158779999999933e-05
1.711658932518460751e+09 5.000000000000000000e+04 -1.567907839999999994e-05
1.711658955791232824e+09 4.900000000000000000e+04 -1.567491709999999940e-05
1.711658979830318451e+09 4.800000000000000000e+04 -1.572697709999999903e-05
1.711659003493382931e+09 4.700000000000000000e+04 -1.571628360000000042e-05
1.711659027665692091e+09 4.600000000000000000e+04 -1.572594230000000105e-05
1.711659051702198982e+09 4.500000000000000000e+04 -1.571708509999999957e-05
1.711659075790630817e+09 4.400000000000000000e+04 -1.572671779999999906e-05
1.711659099762814760e+09 4.300000000000000000e+04 -1.570757869999999957e-05
1.711659115675430059e+09 4.200000000000000000e+04 -1.565053690000000163e-05
1.711659139660150528e+09 4.100000000000000000e+04 -1.573254539999999839e-05
1.711659155574779510e+09 4.000000000000000000e+04 -1.567574030000000061e-05
1.711659179846717119e+09 3.900000000000000000e+04 -1.571444559999999924e-05
1.711659203731888294e+09 3.800000000000000000e+04 -1.571898709999999913e-05
1.711659227047303677e+09 3.700000000000000000e+04 -1.571333590000000103e-05
1.711659250315958261e+09 3.600000000000000000e+04 -1.574536529999999912e-05
1.711659274196153641e+09 3.500000000000000000e+04 -1.574361659999999957e-05
1.711659298226483107e+09 3.400000000000000000e+04 -1.577729950000000085e-05
1.711659321351401567e+09 3.300000000000000000e+04 -1.577295579999999934e-05
1.711659345227795124e+09 3.200000000000000000e+04 -1.577470819999999833e-05
1.711659368907059669e+09 3.100000000000000000e+04 -1.576284650000000148e-05
1.711659392883847713e+09 3.000000000000000000e+04 -1.578107499999999866e-05
1.711659416768332243e+09 2.900000000000000000e+04 -1.579630309999999966e-05
1.711659440838992119e+09 2.800000000000000000e+04 -1.576632030000000136e-05
1.711659464708336115e+09 2.700000000000000000e+04 -1.577634229999999975e-05
1.711659488783565283e+09 2.600000000000000000e+04 -1.580700159999999863e-05
1.711659512456521988e+09 2.500000000000000000e+04 -1.579369549999999858e-05
1.711659528438185215e+09 2.400000000000000000e+04 -1.574951880000000101e-05
1.711659551916146278e+09 2.300000000000000000e+04 -1.581042809999999845e-05
1.711659575996500731e+09 2.200000000000000000e+04 -1.579327709999999872e-05
1.711659599856631756e+09 2.100000000000000000e+04 -1.581647640000000089e-05
1.711659624553231955e+09 2.000000000000000000e+04 -1.581377700000000138e-05
1.711659649063919306e+09 1.900000000000000000e+04 -1.583085049999999908e-05
1.711659673176409483e+09 1.800000000000000000e+04 -1.584961340000000016e-05
1.711659696857219219e+09 1.700000000000000000e+04 -1.584064089999999929e-05
1.711659712853477478e+09 1.600000000000000000e+04 -1.581949720000000160e-05
1.711659735324709177e+09 1.500000000000000000e+04 -1.583523940000000022e-05
1.711659759212324619e+09 1.400000000000000000e+04 -1.584310089999999859e-05
1.711659783105002403e+09 1.300000000000000000e+04 -1.583428699999999960e-05
1.711659806982357502e+09 1.200000000000000000e+04 -1.583785739999999837e-05
1.711659831062323570e+09 1.100000000000000000e+04 -1.586080110000000001e-05
1.711659854738443613e+09 1.000000000000000000e+04 -1.584035279999999987e-05
1.711659878608966827e+09 9.000000000000000000e+03 -1.584149219999999867e-05
1.711659903306684732e+09 8.000000000000000000e+03 -1.581896599999999914e-05
1.711659927410486698e+09 7.000000000000000000e+03 -1.579149490000000090e-05
1.711659951107514858e+09 6.000000000000000000e+03 -1.576311800000000082e-05
1.711659974991680145e+09 5.000000000000000000e+03 -1.574659430000000107e-05
1.711659998677159071e+09 4.000000000000000000e+03 -1.570928429999999989e-05
1.711660022546504736e+09 3.000000000000000000e+03 -1.568438699999999956e-05
1.711660046229415178e+09 2.000000000000000000e+03 -1.565797559999999942e-05
1.711660070315545082e+09 1.000000000000000000e+03 -1.562913770000000165e-05
1.711660093185794830e+09 0.000000000000000000e+00 -1.561226250000000035e-05
1.711660166158662558e+09 -1.000000000000000000e+03 -1.564825489999999920e-05
1.711660189525376797e+09 -2.000000000000000000e+03 -1.566760820000000066e-05
1.711660213403053761e+09 -3.000000000000000000e+03 -1.570314740000000047e-05
1.711660237276976109e+09 -4.000000000000000000e+03 -1.573511760000000065e-05
1.711660261361320257e+09 -5.000000000000000000e+03 -1.578342989999999914e-05
1.711660285040562391e+09 -6.000000000000000000e+03 -1.582092160000000001e-05
1.711660308812189579e+09 -7.000000000000000000e+03 -1.583668970000000152e-05
1.711660332870390177e+09 -8.000000000000000000e+03 -1.587117690000000025e-05
1.711660356950448275e+09 -9.000000000000000000e+03 -1.589547109999999946e-05
1.711660381030611038e+09 -1.000000000000000000e+04 -1.590928789999999918e-05
1.711660405112440348e+09 -1.100000000000000000e+04 -1.591969919999999987e-05
1.711660429595443249e+09 -1.200000000000000000e+04 -1.591699119999999881e-05
1.711660454074502468e+09 -1.300000000000000000e+04 -1.593378319999999985e-05
1.711660478561342478e+09 -1.400000000000000000e+04 -1.590983699999999924e-05
1.711660503046627998e+09 -1.500000000000000000e+04 -1.591543300000000040e-05
1.711660527113193750e+09 -1.600000000000000000e+04 -1.592241499999999958e-05
1.711660550984580517e+09 -1.700000000000000000e+04 -1.591502640000000014e-05
1.711660575557920694e+09 -1.800000000000000000e+04 -1.592125300000000096e-05
1.711660599633319378e+09 -1.900000000000000000e+04 -1.592052189999999969e-05
1.711660623647989750e+09 -2.000000000000000000e+04 -1.592968199999999837e-05
1.711660647318072557e+09 -2.100000000000000000e+04 -1.591952699999999948e-05
1.711660670996876001e+09 -2.200000000000000000e+04 -1.591075090000000124e-05
1.711660694881810427e+09 -2.300000000000000000e+04 -1.590855660000000142e-05
1.711660718856499910e+09 -2.400000000000000000e+04 -1.591708289999999899e-05
1.711660742741179943e+09 -2.500000000000000000e+04 -1.590914119999999854e-05
1.711660766616616249e+09 -2.600000000000000000e+04 -1.592749140000000138e-05
1.711660790357420444e+09 -2.700000000000000000e+04 -1.594357209999999929e-05
1.711660814337361336e+09 -2.800000000000000000e+04 -1.592266340000000110e-05
1.711660838216294289e+09 -2.900000000000000000e+04 -1.589962319999999881e-05
1.711660861912018776e+09 -3.000000000000000000e+04 -1.590854279999999964e-05
1.711660886387396097e+09 -3.100000000000000000e+04 -1.589390409999999961e-05
1.711660910369225025e+09 -3.200000000000000000e+04 -1.590585320000000095e-05
1.711660934444852114e+09 -3.300000000000000000e+04 -1.591224769999999969e-05
1.711660959132824183e+09 -3.400000000000000000e+04 -1.590670669999999899e-05
1.711660983812965155e+09 -3.500000000000000000e+04 -1.591413960000000031e-05
1.711661007885249376e+09 -3.600000000000000000e+04 -1.591857789999999854e-05
1.711661032076883793e+09 -3.700000000000000000e+04 -1.594043719999999845e-05
1.711661056049594641e+09 -3.800000000000000000e+04 -1.589378640000000168e-05
1.711661071961719036e+09 -3.900000000000000000e+04 -1.595668080000000070e-05
1.711661096703311920e+09 -4.000000000000000000e+04 -1.590201769999999895e-05
1.711661121588990688e+09 -4.100000000000000000e+04 -1.589802159999999966e-05
1.711661146267440319e+09 -4.200000000000000000e+04 -1.587164769999999876e-05
1.711661170150303602e+09 -4.300000000000000000e+04 -1.585235250000000096e-05
1.711661194225175858e+09 -4.400000000000000000e+04 -1.587736820000000050e-05
1.711661218706452847e+09 -4.500000000000000000e+04 -1.593282030000000053e-05
1.711661242679808855e+09 -4.600000000000000000e+04 -1.589533829999999884e-05
1.711661266750707865e+09 -4.700000000000000000e+04 -1.595419799999999832e-05
1.711661290869418859e+09 -4.800000000000000000e+04 -1.591203780000000019e-05
1.711661314949318409e+09 -4.900000000000000000e+04 -1.588689009999999955e-05
1.711661339653262138e+09 -5.000000000000000000e+04 -1.589409250000000032e-05
1.711661363787322521e+09 -5.100000000000000000e+04 -1.591997779999999998e-05
1.711661387882992983e+09 -5.200000000000000000e+04 -1.587705080000000025e-05
1.711661412135902166e+09 -5.300000000000000000e+04 -1.591492250000000060e-05
1.711661436111492157e+09 -5.400000000000000000e+04 -1.587801449999999909e-05
1.711661461012894869e+09 -5.500000000000000000e+04 -1.586592149999999879e-05
1.711661485081255674e+09 -5.600000000000000000e+04 -1.589265230000000135e-05
1.711661509759718895e+09 -5.700000000000000000e+04 -1.592700890000000151e-05
1.711661534596647263e+09 -5.800000000000000000e+04 -1.585414890000000032e-05
1.711661558543131590e+09 -5.900000000000000000e+04 -1.586804199999999941e-05
1.711661583125148058e+09 -6.000000000000000000e+04 -1.590136040000000026e-05
1.711661607805717468e+09 -6.100000000000000000e+04 -1.589081569999999932e-05
1.711661632889148474e+09 -6.200000000000000000e+04 -1.585849560000000000e-05
1.711661657569861412e+09 -6.300000000000000000e+04 -1.591476130000000030e-05
1.711661681587402821e+09 -6.400000000000000000e+04 -1.589590270000000146e-05
1.711661705466487885e+09 -6.500000000000000000e+04 -1.585564219999999921e-05
1.711661730053227425e+09 -6.600000000000000000e+04 -1.589788310000000082e-05
1.711661754732011795e+09 -6.700000000000000000e+04 -1.590375140000000083e-05
1.711661778923534632e+09 -6.800000000000000000e+04 -1.592168880000000041e-05
1.711661803500072956e+09 -6.900000000000000000e+04 -1.589560319999999881e-05
1.711661828185667515e+09 -7.000000000000000000e+04 -1.584763360000000044e-05
1.711661853080349684e+09 -7.100000000000000000e+04 -1.589423090000000093e-05
1.711661877969341278e+09 -7.200000000000000000e+04 -1.586157930000000146e-05
1.711661893879032135e+09 -7.300000000000000000e+04 -1.590994529999999950e-05
1.711661918353841305e+09 -7.400000000000000000e+04 -1.586910520000000047e-05
1.711661942538476229e+09 -7.500000000000000000e+04 -1.582993319999999914e-05
1.711661967116029739e+09 -7.600000000000000000e+04 -1.595721850000000091e-05
1.711661991593134642e+09 -7.700000000000000000e+04 -1.590011549999999950e-05
1.711662016275238991e+09 -7.800000000000000000e+04 -1.591414480000000054e-05
1.711662041157498598e+09 -7.900000000000000000e+04 -1.589087600000000164e-05
1.711662065850960493e+09 -8.000000000000000000e+04 -1.582236989999999914e-05
1.711662090735494375e+09 -8.100000000000000000e+04 -1.586478449999999854e-05
1.711662115413752317e+09 -8.200000000000000000e+04 -1.585567209999999967e-05
1.711662140297556400e+09 -8.300000000000000000e+04 -1.589922799999999841e-05
1.711662165284784794e+09 -8.400000000000000000e+04 -1.586753189999999937e-05
1.711662189976464272e+09 -8.500000000000000000e+04 -1.588900750000000036e-05
1.711662214467460155e+09 -8.600000000000000000e+04 -1.588482880000000023e-05
1.711662238956566095e+09 -8.700000000000000000e+04 -1.587526890000000055e-05
1.711662263448585272e+09 -8.800000000000000000e+04 -1.588615969999999955e-05
1.711662288054536104e+09 -8.900000000000000000e+04 -1.585911240000000127e-05
1.711662312843372583e+09 -9.000000000000000000e+04 -1.581474140000000149e-05
