1.711674481803711891e+09 -9.000000000000000000e+04 -2.737917350000000123e-05
1.711674506898143530e+09 -8.900000000000000000e+04 -2.735364200000000003e-05
1.711674530380120993e+09 -8.800000000000000000e+04 -2.732882300000000125e-05
1.711674553873099804e+09 -8.700000000000000000e+04 -2.732767250000000072e-05
1.711674577545862913e+09 -8.600000000000000000e+04 -2.727830510000000134e-05
1.711674601018169165e+09 -8.500000000000000000e+04 -2.726579680000000100e-05
1.711674624493400574e+09 -8.400000000000000000e+04 -2.724303820000000039e-05
1.711674647765457392e+09 -8.300000000000000000e+04 -2.721595800000000008e-05
1.711674670843717337e+09 -8.200000000000000000e+04 -2.719316940000000076e-05
1.711674694017070770e+09 -8.100000000000000000e+04 -2.718508119999999954e-05
1.711674717505275249e+09 -8.000000000000000000e+04 -2.714200889999999832e-05
1.711674740991962194e+09 -7.900000000000000000e+04 -2.714427930000000102e-05
1.711674764460760593e+09 -7.800000000000000000e+04 -2.711232429999999838e-05
1.711674787946023464e+09 -7.700000000000000000e+04 -2.709597259999999914e-05
1.711674811424796104e+09 -7.600000000000000000e+04 -2.706939540000000149e-05
1.711674834700306654e+09 -7.500000000000000000e+04 -2.706368800000000027e-05
1.711674857864044905e+09 -7.400000000000000000e+04 -2.703095510000000107e-05
1.711674881739442110e+09 -7.300000000000000000e+04 -2.700613520000000114e-05
1.711674906634165764e+09 -7.200000000000000000e+04 -2.698422409999999883e-05
1.711674931524664879e+09 -7.100000000000000000e+04 -2.694656370000000052e-05
1.711674956410982847e+09 -7.000000000000000000e+04 -2.694330079999999954e-05
1.711674980614083767e+09 -6.900000000000000000e+04 -2.693191670000000045e-05
1.711675004883752346e+09 -6.800000000000000000e+04 -2.687543570000000055e-05
1.711675029182468653e+09 -6.700000000000000000e+04 -2.687148589999999854e-05
1.711675053067756891e+09 -6.600000000000000000e+04 -2.683437139999999885e-05
1.711675077146466732e+09 -6.500000000000000000e+04 -2.680085300000000095e-05
1.711675101424659014e+09 -6.400000000000000000e+04 -2.679294069999999957e-05
1.711675125518476725e+09 -6.300000000000000000e+04 -2.676954120000000047e-05
1.711675149799571276e+09 -6.200000000000000000e+04 -2.675017290000000135e-05
1.711675174689455509e+09 -6.100000000000000000e+04 -2.671209679999999985e-05
1.711675199591391563e+09 -6.000000000000000000e+04 -2.668343479999999853e-05
1.711675223730085135e+09 -5.900000000000000000e+04 -2.667281830000000056e-05
1.711675247826473713e+09 -5.800000000000000000e+04 -2.663689850000000163e-05
1.711675272087855339e+09 -5.700000000000000000e+04 -2.661021399999999974e-05
1.711675296382661104e+09 -5.600000000000000000e+04 -2.657312460000000004e-05
1.711675319458446264e+09 -5.500000000000000000e+04 -2.656669580000000012e-05
1.711675343636613369e+09 -5.400000000000000000e+04 -2.654820020000000092e-05
1.711675367761412382e+09 -5.300000000000000000e+04 -2.650952010000000054e-05
1.711675391842498064e+09 -5.200000000000000000e+04 -2.649732729999999990e-05
1.711675415919919014e+09 -5.100000000000000000e+04 -2.646395789999999955e-05
1.711675440823925972e+09 -5.000000000000000000e+04 -2.642311720000000089e-05
1.711675464700731993e+09 -4.900000000000000000e+04 -2.641193849999999896e-05
1.711675489201463223e+09 -4.800000000000000000e+04 -2.639864259999999949e-05
1.711675505112560272e+09 -4.700000000000000000e+04 -2.642880059999999976e-05
1.711675529510843754e+09 -4.600000000000000000e+04 -2.633717730000000111e-05
1.711675553991766453e+09 -4.500000000000000000e+04 -2.631529819999999968e-05
1.711675577881912947e+09 -4.400000000000000000e+04 -2.628133960000000161e-05
1.711675602826514721e+09 -4.300000000000000000e+04 -2.626127150000000083e-05
1.711675626506690264e+09 -4.200000000000000000e+04 -2.622839469999999930e-05
1.711675650985822201e+09 -4.100000000000000000e+04 -2.620389250000000112e-05
1.711675674660825968e+09 -4.000000000000000000e+04 -2.617872300000000018e-05
1.711675698540635109e+09 -3.900000000000000000e+04 -2.614203869999999995e-05
1.711675722431345224e+09 -3.800000000000000000e+04 -2.612218409999999988e-05
1.711675746912951708e+09 -3.700000000000000000e+04 -2.610699640000000143e-05
1.711675771395526886e+09 -3.600000000000000000e+04 -2.609064579999999982e-05
1.711675795268001318e+09 -3.500000000000000000e+04 -2.604922519999999949e-05
1.711675818340795279e+09 -3.400000000000000000e+04 -2.602346599999999944e-05
1.711675842319985151e+09 -3.300000000000000000e+04 -2.600511099999999951e-05
1.711675866198081732e+09 -3.200000000000000000e+04 -2.597767629999999948e-05
1.711675890397677660e+09 -3.100000000000000000e+04 -2.594432340000000096e-05
1.711675914180136681e+09 -3.000000000000000000e+04 -2.591371710000000037e-05
1.711675938267962933e+09 -2.900000000000000000e+04 -2.588853909999999951e-05
1.711675962351895809e+09 -2.800000000000000000e+04 -2.586864319999999912e-05
1.711675978268063307e+09 -2.700000000000000000e+04 -2.587439179999999903e-05
1.711676000642863035e+09 -2.600000000000000000e+04 -2.581907559999999942e-05
1.711676023709824562e+09 -2.500000000000000000e+04 -2.580456750000000135e-05
1.711676047991909266e+09 -2.400000000000000000e+04 -2.579095959999999835e-05
1.711676071772142649e+09 -2.300000000000000000e+04 -2.576699539999999851e-05
1.711676095780012131e+09 -2.200000000000000000e+04 -2.575267019999999941e-05
1.711676119459487438e+09 -2.100000000000000000e+04 -2.574907930000000123e-05
1.711676143223759890e+09 -2.000000000000000000e+04 -2.574342750000000010e-05
1.711676166318252802e+09 -1.900000000000000000e+04 -2.574848899999999911e-05
1.711676190395706654e+09 -1.800000000000000000e+04 -2.575495269999999984e-05
1.711676214281215668e+09 -1.700000000000000000e+04 -2.578081889999999925e-05
1.711676287874557018e+09 -1.600000000000000000e+04 -2.590981919999999901e-05
1.711676311747643232e+09 -1.500000000000000000e+04 -2.607267489999999857e-05
1.711676335461792946e+09 -1.400000000000000000e+04 -2.624270050000000002e-05
1.711676359541600704e+09 -1.300000000000000000e+04 -2.642236560000000022e-05
1.711676383431144714e+09 -1.200000000000000000e+04 -2.659321200000000095e-05
1.711676406720839500e+09 -1.100000000000000000e+04 -2.676218310000000113e-05
1.711676431133599043e+09 -1.000000000000000000e+04 -2.695077660000000020e-05
1.711676454628954887e+09 -9.000000000000000000e+03 -2.712190289999999855e-05
1.711676478689509392e+09 -8.000000000000000000e+03 -2.730284279999999997e-05
1.711676502193754435e+09 -7.000000000000000000e+03 -2.748257850000000130e-05
1.711676525470671177e+09 -6.000000000000000000e+03 -2.766334369999999876e-05
1.711676548772781849e+09 -5.000000000000000000e+03 -2.784285080000000010e-05
1.711676572076269150e+09 -4.000000000000000000e+03 -2.802536299999999983e-05
1.711676603664487839e+09 -3.000000000000000000e+03 -2.820699660000000153e-05
1.711676627007958412e+09 -2.000000000000000000e+03 -2.839058669999999847e-05
1.711676650094096422e+09 -1.000000000000000000e+03 -2.856274449999999851e-05
1.711676674172072411e+09 0.000000000000000000e+00 -2.873740750000000087e-05
1.711676697054645061e+09 1.000000000000000000e+03 -2.891826480000000166e-05
1.711676718623075008e+09 2.000000000000000000e+03 -2.908524560000000004e-05
1.711676742105020046e+09 3.000000000000000000e+03 -2.925813300000000057e-05
1.711676765383537292e+09 4.000000000000000000e+03 -2.941438900000000072e-05
1.711676789257195234e+09 5.000000000000000000e+03 -2.959078799999999849e-05
1.711676813139044046e+09 6.000000000000000000e+03 -2.975811769999999999e-05
1.711676836919222355e+09 7.000000000000000000e+03 -2.993146380000000131e-05
1.711676860792109013e+09 8.000000000000000000e+03 -3.010524969999999964e-05
1.711676884673344612e+09 9.000000000000000000e+03 -3.027949980000000049e-05
1.711676908752659798e+09 1.000000000000000000e+04 -3.044262699999999939e-05
1.711676932867928028e+09 1.100000000000000000e+04 -3.062404060000000264e-05
1.711676956867506742e+09 1.200000000000000000e+04 -3.078118070000000257e-05
1.711676980644499540e+09 1.300000000000000000e+04 -3.094781609999999739e-05
1.711677004452445269e+09 1.400000000000000000e+04 -3.112167460000000242e-05
1.711677028474462748e+09 1.500000000000000000e+04 -3.128491900000000126e-05
1.711677052352649450e+09 1.600000000000000000e+04 -3.143026779999999882e-05
1.711677076242640734e+09 1.700000000000000000e+04 -3.156383800000000156e-05
1.711677149804126978e+09 1.800000000000000000e+04 -3.161528040000000041e-05
1.711677173574389696e+09 1.900000000000000000e+04 -3.163324850000000336e-05
1.711677197468108892e+09 2.000000000000000000e+04 -3.161589050000000067e-05
1.711677221954971075e+09 2.100000000000000000e+04 -3.163019340000000146e-05
1.711677246435816288e+09 2.200000000000000000e+04 -3.161380640000000165e-05
1.711677270314727783e+09 2.300000000000000000e+04 -3.161084559999999835e-05
1.711677294041109800e+09 2.400000000000000000e+04 -3.159613860000000087e-05
1.711677317919604063e+09 2.500000000000000000e+04 -3.158208550000000074e-05
1.711677350632376671e+09 2.600000000000000000e+04 -3.154912749999999773e-05
1.711677374627372265e+09 2.700000000000000000e+04 -3.153138560000000301e-05
1.711677398604324579e+09 2.800000000000000000e+04 -3.149904439999999788e-05
1.711677422609958649e+09 2.900000000000000000e+04 -3.147223270000000213e-05
1.711677446890875578e+09 3.000000000000000000e+04 -3.143728860000000153e-05
1.711677470672318935e+09 3.100000000000000000e+04 -3.140129500000000002e-05
1.711677495082466841e+09 3.200000000000000000e+04 -3.136387550000000271e-05
1.711677519462752104e+09 3.300000000000000000e+04 -3.133918260000000014e-05
1.711677543458566427e+09 3.400000000000000000e+04 -3.130212150000000188e-05
1.711677567547012329e+09 3.500000000000000000e+04 -3.127490899999999896e-05
1.711677591450843334e+09 3.600000000000000000e+04 -3.124738310000000014e-05
1.711677615333376408e+09 3.700000000000000000e+04 -3.120266369999999861e-05
1.711677639211430073e+09 3.800000000000000000e+04 -3.118366219999999683e-05
1.711677663105475664e+09 3.900000000000000000e+04 -3.113224280000000094e-05
1.711677686776949167e+09 4.000000000000000000e+04 -3.110113080000000103e-05
1.711677710474351168e+09 4.100000000000000000e+04 -3.106327590000000063e-05
1.711677734557441473e+09 4.200000000000000000e+04 -3.104291610000000262e-05
1.711677758537073612e+09 4.300000000000000000e+04 -3.100209419999999931e-05
1.711677782433456421e+09 4.400000000000000000e+04 -3.097773280000000028e-05
1.711677806309338570e+09 4.500000000000000000e+04 -3.094504999999999945e-05
1.711677830613780022e+09 4.600000000000000000e+04 -3.089362300000000140e-05
1.711677854703175068e+09 4.700000000000000000e+04 -3.086308400000000227e-05
1.711677878771296501e+09 4.800000000000000000e+04 -3.082356750000000192e-05
1.711677902848869801e+09 4.900000000000000000e+04 -3.079309629999999885e-05
1.711677918763457775e+09 5.000000000000000000e+04 -3.075721090000000274e-05
1.711677942642854452e+09 5.100000000000000000e+04 -3.072912039999999804e-05
1.711677966469052553e+09 5.200000000000000000e+04 -3.067972579999999824e-05
1.711677990246685266e+09 5.300000000000000000e+04 -3.064827199999999935e-05
1.711678014251550674e+09 5.400000000000000000e+04 -3.061809830000000016e-05
1.711678038125347853e+09 5.500000000000000000e+04 -3.058369679999999849e-05
1.711678062002606153e+09 5.600000000000000000e+04 -3.054977129999999894e-05
1.711678086107347250e+09 5.700000000000000000e+04 -3.051191700000000157e-05
1.711678109988600254e+09 5.800000000000000000e+04 -3.048423400000000165e-05
1.711678133909615517e+09 5.900000000000000000e+04 -3.045413999999999977e-05
1.711678157792128563e+09 6.000000000000000000e+04 -3.040607140000000058e-05
1.711678181743935347e+09 6.100000000000000000e+04 -3.036428039999999832e-05
1.711678205853450775e+09 6.200000000000000000e+04 -3.033013410000000082e-05
1.711678229732500553e+09 6.300000000000000000e+04 -3.030448110000000061e-05
1.711678253533600569e+09 6.400000000000000000e+04 -3.026887419999999958e-05
1.711678277421926498e+09 6.500000000000000000e+04 -3.022983789999999881e-05
1.711678301407824039e+09 6.600000000000000000e+04 -3.020130629999999956e-05
1.711678325513918400e+09 6.700000000000000000e+04 -3.017971820000000087e-05
1.711678349594902754e+09 6.800000000000000000e+04 -3.012537019999999907e-05
1.711678373434309006e+09 6.900000000000000000e+04 -3.009048760000000006e-05
1.711678397526929617e+09 7.000000000000000000e+04 -3.006085080000000156e-05
1.711678421608471155e+09 7.100000000000000000e+04 -3.001293980000000147e-05
1.711678445774745941e+09 7.200000000000000000e+04 -2.999125740000000079e-05
1.711678469848626137e+09 7.300000000000000000e+04 -2.995806239999999950e-05
1.711678493640264034e+09 7.400000000000000000e+04 -2.992956209999999987e-05
1.711678517619437933e+09 7.500000000000000000e+04 -2.990026050000000097e-05
1.711678549976776600e+09 7.600000000000000000e+04 -2.986116499999999890e-05
1.711678574177859068e+09 7.700000000000000000e+04 -2.980905880000000023e-05
1.711678598283957005e+09 7.800000000000000000e+04 -2.976718910000000006e-05
1.711678622368292332e+09 7.900000000000000000e+04 -2.974687470000000157e-05
1.711678646453995943e+09 8.000000000000000000e+04 -2.970762649999999911e-05
1.711678670423003435e+09 8.100000000000000000e+04 -2.967102539999999915e-05
1.711678694375781298e+09 8.200000000000000000e+04 -2.962830240000000081e-05
1.711678718461543322e+09 8.300000000000000000e+04 -2.959123509999999954e-05
1.711678750823443651e+09 8.400000000000000000e+04 -2.955592879999999881e-05
1.711678816315105438e+09 8.500000000000000000e+04 -2.951628769999999963e-05
1.711678890020599127e+09 8.600000000000000000e+04 -2.952292420000000040e-05
1.711678914496837378e+09 8.700000000000000000e+04 -2.950495869999999926e-05
1.711678938371507168e+09 8.800000000000000000e+04 -2.947092500000000109e-05
1.711678962254620790e+09 8.900000000000000000e+04 -2.941282849999999862e-05
1.711678986127990723e+09 9.000000000000000000e+04 -2.936581460000000057e-05
1.711679002245541811e+09 9.000000000000000000e+04 -2.936664629999999831e-05
1.711679026984242201e+09 8.900000000000000000e+04 -2.942764280000000036e-05
1.711679050955038309e+09 8.800000000000000000e+04 -2.947352599999999940e-05
1.711679066873164654e+09 8.700000000000000000e+04 -2.944475730000000024e-05
1.711679091053306818e+09 8.600000000000000000e+04 -2.954212879999999904e-05
1.711679114935566187e+09 8.500000000000000000e+04 -2.957926830000000049e-05
1.711679139625311375e+09 8.400000000000000000e+04 -2.963418340000000158e-05
1.711679163510480165e+09 8.300000000000000000e+04 -2.966360809999999852e-05
1.711679187185892582e+09 8.200000000000000000e+04 -2.969723570000000121e-05
1.711679210964781761e+09 8.100000000000000000e+04 -2.974473399999999967e-05
1.711679235044689655e+09 8.000000000000000000e+04 -2.978824880000000136e-05
1.711679258927866936e+09 7.900000000000000000e+04 -2.984553659999999889e-05
1.711679282999754667e+09 7.800000000000000000e+04 -2.987935270000000054e-05
1.711679306079624176e+09 7.700000000000000000e+04 -2.991254089999999919e-05
1.711679330566664696e+09 7.600000000000000000e+04 -2.996123679999999835e-05
1.711679354473073721e+09 7.500000000000000000e+04 -3.001423179999999902e-05
1.711679378555645704e+09 7.400000000000000000e+04 -3.005215039999999967e-05
1.711679402660440207e+09 7.300000000000000000e+04 -3.008480179999999926e-05
1.711679426738251448e+09 7.200000000000000000e+04 -3.012721880000000059e-05
1.711679450611401320e+09 7.100000000000000000e+04 -3.015979169999999875e-05
1.711679491319914579e+09 7.000000000000000000e+04 -3.021695419999999958e-05
1.711679515899701595e+09 6.900000000000000000e+04 -3.027226660000000149e-05
1.711679539780824661e+09 6.800000000000000000e+04 -3.029096470000000130e-05
1.711679563061313391e+09 6.700000000000000000e+04 -3.035098960000000084e-05
1.711679587756347656e+09 6.600000000000000000e+04 -3.039494820000000050e-05
1.711679611684549332e+09 6.500000000000000000e+04 -3.043696000000000072e-05
1.711679635764691353e+09 6.400000000000000000e+04 -3.050097340000000078e-05
1.711679659430989742e+09 6.300000000000000000e+04 -3.052196009999999900e-05
1.711679684119211435e+09 6.200000000000000000e+04 -3.055914129999999713e-05
1.711679708402965546e+09 6.100000000000000000e+04 -3.060996120000000325e-05
1.711679733090766430e+09 6.000000000000000000e+04 -3.065439970000000098e-05
1.711679756565735102e+09 5.900000000000000000e+04 -3.069041840000000248e-05
1.711679780842503786e+09 5.800000000000000000e+04 -3.072890970000000241e-05
1.711679804418169260e+09 5.700000000000000000e+04 -3.078210720000000030e-05
1.711679829096775055e+09 5.600000000000000000e+04 -3.082211159999999724e-05
1.711679853473585844e+09 5.500000000000000000e+04 -3.085983220000000301e-05
1.711679877967344046e+09 5.400000000000000000e+04 -3.090012239999999908e-05
1.711679902048958778e+09 5.300000000000000000e+04 -3.095209799999999918e-05
1.711679917970266581e+09 5.200000000000000000e+04 -3.096729769999999711e-05
1.711679941949793816e+09 5.100000000000000000e+04 -3.103293279999999935e-05
1.711679965731942415e+09 5.000000000000000000e+04 -3.106273539999999874e-05
1.711679989809048891e+09 4.900000000000000000e+04 -3.110744780000000112e-05
1.711680013886079788e+09 4.800000000000000000e+04 -3.115039309999999821e-05
1.711680037762251377e+09 4.700000000000000000e+04 -3.119491139999999827e-05
1.711680061607257128e+09 4.600000000000000000e+04 -3.122858659999999914e-05
1.711680085686743736e+09 4.500000000000000000e+04 -3.127092969999999963e-05
1.711680108854516506e+09 4.400000000000000000e+04 -3.131734359999999975e-05
1.711680132927816391e+09 4.300000000000000000e+04 -3.136673709999999852e-05
1.711680157121819496e+09 4.200000000000000000e+04 -3.140581910000000033e-05
1.711680181098496914e+09 4.100000000000000000e+04 -3.144960469999999670e-05
1.711680204920752287e+09 4.000000000000000000e+04 -3.149885479999999790e-05
1.711680228999107361e+09 3.900000000000000000e+04 -3.154368349999999907e-05
1.711680253100841999e+09 3.800000000000000000e+04 -3.157606599999999774e-05
1.711680277078032017e+09 3.700000000000000000e+04 -3.162575650000000238e-05
1.711680301108692169e+09 3.600000000000000000e+04 -3.166609229999999784e-05
1.711680324784564972e+09 3.500000000000000000e+04 -3.170916920000000304e-05
1.711680348729836464e+09 3.400000000000000000e+04 -3.174093169999999900e-05
1.711680372603099346e+09 3.300000000000000000e+04 -3.178271029999999863e-05
1.711680396678088427e+09 3.200000000000000000e+04 -3.181803169999999865e-05
1.711680420592891932e+09 3.100000000000000000e+04 -3.186248650000000172e-05
1.711680444663952589e+09 3.000000000000000000e+04 -3.190992889999999857e-05
1.711680468526924610e+09 2.900000000000000000e+04 -3.194425219999999694e-05
1.711680492612787485e+09 2.800000000000000000e+04 -3.199715139999999823e-05
1.711680516486438990e+09 2.700000000000000000e+04 -3.203141479999999742e-05
1.711680540558750868e+09 2.600000000000000000e+04 -3.206889399999999742e-05
1.711680563829042673e+09 2.500000000000000000e+04 -3.209050199999999927e-05
1.711680587819218397e+09 2.400000000000000000e+04 -3.213025860000000110e-05
1.711680611715868711e+09 2.300000000000000000e+04 -3.213565970000000041e-05
1.711680636405420303e+09 2.200000000000000000e+04 -3.216512240000000137e-05
1.711680660084163904e+09 2.100000000000000000e+04 -3.218822199999999805e-05
1.711680684633067846e+09 2.000000000000000000e+04 -3.220276680000000262e-05
1.711680709053442955e+09 1.900000000000000000e+04 -3.220587249999999749e-05
1.711680732242532253e+09 1.800000000000000000e+04 -3.219823369999999762e-05
1.711680756940344572e+09 1.700000000000000000e+04 -3.217862309999999836e-05
1.711680831518196821e+09 1.600000000000000000e+04 -3.208274269999999978e-05
1.711680855699447155e+09 1.500000000000000000e+04 -3.191990229999999940e-05
1.711680879318217039e+09 1.400000000000000000e+04 -3.174717980000000200e-05
1.711680903397139788e+09 1.300000000000000000e+04 -3.159835489999999748e-05
1.711680926665639639e+09 1.200000000000000000e+04 -3.142619840000000173e-05
1.711680950358115673e+09 1.100000000000000000e+04 -3.125581340000000184e-05
1.711680974049093008e+09 1.000000000000000000e+04 -3.109421769999999894e-05
1.711680997722460270e+09 9.000000000000000000e+03 -3.092926279999999768e-05
1.711681021488046169e+09 8.000000000000000000e+03 -3.076205760000000014e-05
1.711681045685799360e+09 7.000000000000000000e+03 -3.059449990000000165e-05
1.711681068219831705e+09 6.000000000000000000e+03 -3.042809279999999855e-05
1.711681108265370607e+09 5.000000000000000000e+03 -3.025854680000000042e-05
1.711681132463672400e+09 4.000000000000000000e+03 -3.008709609999999930e-05
1.711681155339324474e+09 3.000000000000000000e+03 -2.992081110000000162e-05
1.711681178608344555e+09 2.000000000000000000e+03 -2.975561370000000033e-05
1.711681201871857882e+09 1.000000000000000000e+03 -2.959069540000000055e-05
1.711681225042647839e+09 0.000000000000000000e+00 -2.941743269999999938e-05
1.711681248716574669e+09 -1.000000000000000000e+03 -2.925466150000000098e-05
1.711681270200117111e+09 -2.000000000000000000e+03 -2.908188479999999925e-05
1.711681294277017117e+09 -3.000000000000000000e+03 -2.890125219999999914e-05
1.711681318174082756e+09 -4.000000000000000000e+03 -2.872205910000000012e-05
1.711681342056843996e+09 -5.000000000000000000e+03 -2.854627969999999854e-05
1.711681365881457806e+09 -6.000000000000000000e+03 -2.838016400000000132e-05
1.711681389765646696e+09 -7.000000000000000000e+03 -2.819726409999999831e-05
1.711681413856281042e+09 -8.000000000000000000e+03 -2.803369830000000166e-05
1.711681437631795406e+09 -9.000000000000000000e+03 -2.784573760000000093e-05
1.711681461650929451e+09 -1.000000000000000000e+04 -2.766957290000000139e-05
1.711681485425270081e+09 -1.100000000000000000e+04 -2.750515039999999848e-05
1.711681509436511993e+09 -1.200000000000000000e+04 -2.731577240000000010e-05
1.711681533111021996e+09 -1.300000000000000000e+04 -2.714954040000000071e-05
1.711681557411492109e+09 -1.400000000000000000e+04 -2.698308709999999857e-05
1.711681581384976864e+09 -1.500000000000000000e+04 -2.680994120000000096e-05
1.711681605792660475e+09 -1.600000000000000000e+04 -2.666145510000000063e-05
1.711681630685353994e+09 -1.700000000000000000e+04 -2.653748570000000152e-05
1.711681662753128290e+09 -1.800000000000000000e+04 -2.650217329999999941e-05
1.711681686744471073e+09 -1.900000000000000000e+04 -2.651537200000000035e-05
1.711681710822671652e+09 -2.000000000000000000e+04 -2.650759499999999976e-05
1.711681734701842070e+09 -2.100000000000000000e+04 -2.652867230000000053e-05
1.711681758589920759e+09 -2.200000000000000000e+04 -2.653808330000000091e-05
1.711681782500675917e+09 -2.300000000000000000e+04 -2.655362159999999976e-05
1.711681806591319323e+09 -2.400000000000000000e+04 -2.657268149999999994e-05
1.711681830661974669e+09 -2.500000000000000000e+04 -2.658866900000000027e-05
1.711681854543524027e+09 -2.600000000000000000e+04 -2.662191420000000155e-05
1.711681878631839991e+09 -2.700000000000000000e+04 -2.666298170000000131e-05
1.711681902721253872e+09 -2.800000000000000000e+04 -2.669494099999999965e-05
1.711681926492938280e+09 -2.900000000000000000e+04 -2.672260710000000136e-05
1.711681942615481853e+09 -3.000000000000000000e+04 -2.676236159999999939e-05
1.711681967400795221e+09 -3.100000000000000000e+04 -2.678637989999999854e-05
1.711681991507006884e+09 -3.200000000000000000e+04 -2.682011910000000118e-05
1.711682015588148594e+09 -3.300000000000000000e+04 -2.684175919999999877e-05
1.711682039660562277e+09 -3.400000000000000000e+04 -2.688770000000000008e-05
1.711682064407434464e+09 -3.500000000000000000e+04 -2.692132190000000116e-05
1.711682089107626200e+09 -3.600000000000000000e+04 -2.695724949999999873e-05
1.711682113707391739e+09 -3.700000000000000000e+04 -2.697549849999999870e-05
1.711682138283334494e+09 -3.800000000000000000e+04 -2.702061379999999850e-05
1.711682154405355215e+09 -3.900000000000000000e+04 -2.706044829999999874e-05
1.711682179180557489e+09 -4.000000000000000000e+04 -2.709372019999999905e-05
1.711682203881309748e+09 -4.100000000000000000e+04 -2.712552180000000004e-05
1.711682219796724319e+09 -4.200000000000000000e+04 -2.717120149999999908e-05
1.711682244490869284e+09 -4.300000000000000000e+04 -2.719032399999999849e-05
1.711682268585561752e+09 -4.400000000000000000e+04 -2.722111079999999951e-05
1.711682292670162916e+09 -4.500000000000000000e+04 -2.725036469999999860e-05
1.711682316960904598e+09 -4.600000000000000000e+04 -2.729616689999999943e-05
1.711682341056639433e+09 -4.700000000000000000e+04 -2.731762619999999846e-05
1.711682365144666910e+09 -4.800000000000000000e+04 -2.735723359999999948e-05
1.711682389747034550e+09 -4.900000000000000000e+04 -2.739797419999999968e-05
1.711682413667637110e+09 -5.000000000000000000e+04 -2.742405259999999888e-05
1.711682437868698120e+09 -5.100000000000000000e+04 -2.745741929999999918e-05
1.711682461958575964e+09 -5.200000000000000000e+04 -2.749385990000000011e-05
1.711682485845274448e+09 -5.300000000000000000e+04 -2.751809840000000098e-05
1.711682509939403296e+09 -5.400000000000000000e+04 -2.755690920000000157e-05
1.711682534630317211e+09 -5.500000000000000000e+04 -2.759072499999999832e-05
1.711682558743822813e+09 -5.600000000000000000e+04 -2.762371100000000126e-05
1.711682583377570868e+09 -5.700000000000000000e+04 -2.766065370000000032e-05
1.711682607958007812e+09 -5.800000000000000000e+04 -2.769872089999999876e-05
1.711682632453547716e+09 -5.900000000000000000e+04 -2.772994340000000098e-05
1.711682656655059338e+09 -6.000000000000000000e+04 -2.775187959999999990e-05
1.711682681149048567e+09 -6.100000000000000000e+04 -2.779966330000000112e-05
1.711682705823700905e+09 -6.200000000000000000e+04 -2.781790139999999924e-05
1.711682730304980278e+09 -6.300000000000000000e+04 -2.786547379999999841e-05
1.711682754809908628e+09 -6.400000000000000000e+04 -2.790332809999999917e-05
1.711682779489963770e+09 -6.500000000000000000e+04 -2.791859400000000092e-05
1.711682803984337330e+09 -6.600000000000000000e+04 -2.796662289999999883e-05
1.711682828573884487e+09 -6.700000000000000000e+04 -2.799134449999999920e-05
1.711682853473217726e+09 -6.800000000000000000e+04 -2.800807499999999865e-05
1.711682878180830956e+09 -6.900000000000000000e+04 -2.806617179999999924e-05
1.711682903070690393e+09 -7.000000000000000000e+04 -2.810171179999999857e-05
1.711682927767125130e+09 -7.100000000000000000e+04 -2.812026759999999845e-05
1.711682952443795443e+09 -7.200000000000000000e+04 -2.817043369999999868e-05
1.711682977097927570e+09 -7.300000000000000000e+04 -2.819487879999999936e-05
1.711683001784307480e+09 -7.400000000000000000e+04 -2.821900379999999975e-05
1.711683026256447792e+09 -7.500000000000000000e+04 -2.825492370000000031e-05
1.711683050959663153e+09 -7.600000000000000000e+04 -2.829993849999999850e-05
1.711683075644150734e+09 -7.700000000000000000e+04 -2.832596369999999954e-05
1.711683100050162315e+09 -7.800000000000000000e+04 -2.837883570000000042e-05
1.711683124745328665e+09 -7.900000000000000000e+04 -2.839643119999999939e-05
1.711683149423337221e+09 -8.000000000000000000e+04 -2.842361190000000130e-05
1.711683174095914125e+09 -8.100000000000000000e+04 -2.845929449999999868e-05
1.711683198593210697e+09 -8.200000000000000000e+04 -2.849980709999999851e-05
1.711683223225944281e+09 -8.300000000000000000e+04 -2.852958319999999876e-05
1.711683247983442545e+09 -8.400000000000000000e+04 -2.855036029999999899e-05
1.711683272066868782e+09 -8.500000000000000000e+04 -2.858200479999999888e-05
1.711683296755023003e+09 -8.600000000000000000e+04 -2.862918999999999956e-05
1.711683321381206512e+09 -8.700000000000000000e+04 -2.864962709999999973e-05
1.711683345957800627e+09 -8.800000000000000000e+04 -2.868488559999999901e-05
1.711683370650764465e+09 -8.900000000000000000e+04 -2.872070790000000128e-05
1.711683395248446226e+09 -9.000000000000000000e+04 -2.876273480000000079e-05
