1.711636936248763323e+09 -5.892769899999999801e-07
1.711636938187660456e+09 -5.568432650000000402e-07
1.711636940056662560e+09 -5.886065959999999617e-07
1.711636942131639719e+09 -5.768500179999999930e-07
1.711636943999684095e+09 -5.800985459999999797e-07
1.711636945869965553e+09 -5.961348729999999735e-07
1.711636948929124355e+09 -5.876783279999999489e-07
1.711636950796162605e+09 -5.738076329999999645e-07
1.711636952666685104e+09 -6.074272760000000518e-07
1.711636954535686970e+09 -5.836563330000000122e-07
1.711636956403466940e+09 -5.832438220000000207e-07
1.711636958271047592e+09 -5.794280909999999517e-07
1.711636960141047001e+09 -5.900502349999999719e-07
1.711636962009564161e+09 -5.944331680000000137e-07
1.711636963877568483e+09 -5.972176190000000419e-07
1.711636965747857094e+09 -5.843266390000000290e-07
1.711636967616383314e+09 -5.843266380000000254e-07
1.711636969693351746e+09 -5.817484420000000440e-07
1.711636971560883045e+09 -5.740654179999999536e-07
1.711636973429913044e+09 -5.724153280000000326e-07
1.711636975298176050e+09 -5.729824919999999734e-07
1.711636977166698456e+09 -5.754059949999999662e-07
1.711636979035728216e+09 -5.552960720000000476e-07
1.711636980905824661e+09 -5.800983800000000128e-07
1.711636982775631189e+09 -5.683418069999999563e-07
1.711636984644633055e+09 -5.752513720000000198e-07
1.711636986514057636e+09 -5.647323330000000473e-07
1.711636988382604599e+09 -5.841719279999999752e-07
1.711636990458338499e+09 -5.723637909999999591e-07
1.711636992327854156e+09 -5.736013250000000430e-07
1.711636994197881699e+09 -5.644229779999999709e-07
1.711636996064888477e+09 -5.862861150000000331e-07
1.711636997930953979e+09 -5.859251680000000013e-07
1.711636999799470663e+09 -5.660214919999999946e-07
1.711637001668778658e+09 -5.868017009999999634e-07
1.711637003538802862e+09 -5.648870359999999663e-07
1.711637005405810118e+09 -5.879361080000000258e-07
1.711637007272853136e+09 -5.950003639999999647e-07
1.711637009143462896e+09 -5.717450669999999672e-07
1.711637011222315788e+09 -5.709200439999999806e-07
1.711637013089857817e+09 -5.962894950000000222e-07
1.711637014967835426e+09 -5.655058130000000446e-07
1.711637016838407755e+09 -5.664339429999999802e-07
1.711637018705479622e+09 -5.894830150000000397e-07
1.711637020572745323e+09 -5.832953450000000434e-07
1.711637022450260639e+09 -5.800983610000000497e-07
1.711637024319926739e+09 -6.042818369999999489e-07
1.711637026186933994e+09 -5.840687819999999905e-07
1.711637028054462433e+09 -5.794280300000000481e-07
1.711637029920998573e+09 -5.577711400000000038e-07
1.711637031995768785e+09 -5.699402220000000444e-07
1.711637033862807751e+09 -5.970628370000000482e-07
1.711637035734801769e+09 -5.668463840000000354e-07
1.711637037602840662e+09 -5.892251130000000497e-07
1.711637039470396757e+09 -5.798404830000000409e-07
1.711637041343030930e+09 -5.716418210000000433e-07
1.711637043218075991e+09 -5.856156410000000421e-07
1.711637045087622404e+09 -5.693214469999999734e-07
1.711637046961176157e+09 -5.925767679999999521e-07
1.711637048830760956e+09 -5.901017009999999996e-07
1.711637050699051380e+09 -5.595243279999999471e-07
1.711637052775013208e+09 -5.833468540000000154e-07
1.711637054643543243e+09 -5.740653500000000246e-07
1.711637056513542652e+09 -5.773655279999999653e-07
1.711637058380709171e+09 -5.643199439999999690e-07
1.711637060247748137e+09 -5.644230719999999943e-07
1.711637062116032839e+09 -5.742202200000000199e-07
1.711637063986548901e+09 -5.824705089999999940e-07
1.711637065857545614e+09 -5.811298469999999907e-07
1.711637067724577904e+09 -5.731889989999999815e-07
1.711637069598104239e+09 -5.599886289999999769e-07
1.711637071483701229e+09 -5.596276820000000510e-07
1.711637073563686371e+09 -5.848940149999999977e-07
1.711637075431215525e+09 -5.343613489999999984e-07
1.711637077301214695e+09 -5.724155189999999843e-07
1.711637079168245077e+09 -5.676200400000000358e-07
1.711637081036250114e+09 -5.723639220000000107e-07
1.711637082903784752e+09 -5.902050439999999577e-07
1.711637084775306225e+09 -5.598338459999999795e-07
1.711637086645305634e+09 -5.582869280000000316e-07
1.711637088512110710e+09 -5.668981050000000352e-07
1.711637090381145239e+09 -5.595760269999999730e-07
1.711637092250147343e+09 -5.675684989999999478e-07
1.711637094325626612e+09 -5.725702020000000424e-07
1.711637096194628716e+09 -5.755093459999999534e-07
1.711637098065762520e+09 -5.709200850000000234e-07
1.711637099935315371e+09 -5.572040210000000144e-07
1.711637101804321289e+09 -5.874720420000000014e-07
1.711637103671592236e+09 -5.939690959999999675e-07
1.711637105542617083e+09 -5.632370060000000512e-07
1.711637107416100025e+09 -5.655573820000000224e-07
1.711637109284069061e+09 -5.728794589999999751e-07
1.711637111154995441e+09 -5.441583550000000383e-07
1.711637113024994850e+09 -5.630822670000000016e-07
1.711637115100065231e+09 1.557234320000000082e-05
1.711637116969067574e+09 5.127598140000000284e-05
1.711637118838639975e+09 7.245392279999999391e-05
1.711637120706171989e+09 8.387503400000000553e-05
1.711637122572181940e+09 8.966126109999999984e-05
1.711637124441221952e+09 9.251580459999999325e-05
1.711637126312033176e+09 9.396111710000000213e-05
1.711637128181035042e+09 9.468848210000000223e-05
1.711637130050108910e+09 9.518844879999999566e-05
1.711637131917116165e+09 9.556718810000000086e-05
1.711637133785646677e+09 9.593690590000000448e-05
1.711637135859912157e+09 9.632848470000000189e-05
1.711637137728914261e+09 9.678549839999999783e-05
1.711637139598985672e+09 9.725753620000000355e-05
1.711637141468501091e+09 9.773493739999999930e-05
1.711637143334510803e+09 9.824062800000000594e-05
1.711637145203299761e+09 9.875890019999999719e-05
1.711637147073298693e+09 9.925446330000000348e-05
1.711637148944398642e+09 9.977887159999999803e-05
1.711637150812924862e+09 1.002997739999999936e-04
1.711637152680929184e+09 1.008227900000000058e-04
1.711637154547966480e+09 1.013166070000000042e-04
1.711637156622216940e+09 1.017977010000000056e-04
1.711637158490262270e+09 1.023141689999999989e-04
1.711637160359305143e+09 1.028062419999999999e-04
1.711637162228829145e+09 1.032230320000000051e-04
1.711637164093842030e+09 1.036761269999999954e-04
1.711637165961642981e+09 1.041106580000000044e-04
1.711637167832639694e+09 1.045192080000000023e-04
1.711637169704193830e+09 1.049376000000000031e-04
1.711637171572723150e+09 1.053138649999999990e-04
1.711637173441725016e+09 1.056969869999999990e-04
1.711637175309068203e+09 1.060606619999999951e-04
1.711637177384042501e+09 1.063870120000000026e-04
1.711637179250599623e+09 1.067868929999999999e-04
1.711637181122121334e+09 1.070963849999999990e-04
1.711637182991122961e+09 1.074255750000000019e-04
1.711637184858163357e+09 1.077310419999999972e-04
1.711637186726997852e+09 1.080353740000000013e-04
1.711637188597521782e+09 1.083375549999999945e-04
1.711637190467040300e+09 1.086241999999999958e-04
1.711637192335563421e+09 1.088911489999999990e-04
1.711637194203568459e+09 1.091633049999999992e-04
1.711637196070362806e+09 1.093725100000000043e-04
1.711637198144361258e+09 1.096583820000000044e-04
1.711637200012957811e+09 1.099149659999999941e-04
1.711637201883470058e+09 1.101729989999999942e-04
1.711637203749742270e+09 1.104134999999999958e-04
1.711637205618264914e+09 1.106097019999999979e-04
1.711637207486797571e+09 1.108245179999999984e-04
1.711637209357315540e+09 1.110176949999999989e-04
1.711637211226835489e+09 1.112388539999999973e-04
1.711637213093870163e+09 1.114397479999999942e-04
1.711637214963127136e+09 1.116230590000000066e-04
1.711637216829650164e+09 1.117874459999999989e-04
1.711637218902138948e+09 1.119696740000000019e-04
1.711637220768214941e+09 1.121582960000000023e-04
1.711637222638737440e+09 1.123237839999999998e-04
1.711637224506995678e+09 1.124931910000000044e-04
1.711637226374524117e+09 1.126289589999999964e-04
1.711637228243071079e+09 1.128229949999999933e-04
1.711637230113070250e+09 1.129408829999999948e-04
1.711637231982595921e+09 1.131235750000000005e-04
1.711637233849851370e+09 1.132405219999999945e-04
1.711637235719367027e+09 1.133797460000000005e-04
1.711637237586896420e+09 1.135229779999999969e-04
1.711637239659897804e+09 1.136413179999999949e-04
1.711637241525936365e+09 1.138191120000000021e-04
1.711637243395967007e+09 1.138947789999999950e-04
1.711637245262236357e+09 1.140063870000000045e-04
1.711637247130756378e+09 1.141197769999999949e-04
1.711637248998278856e+09 1.142304860000000052e-04
1.711637250868793964e+09 1.143364349999999942e-04
1.711637252738317490e+09 1.144494640000000041e-04
1.711637254605562925e+09 1.145437740000000015e-04
1.711637256475086689e+09 1.146449950000000040e-04
1.711637258343160152e+09 1.147491840000000054e-04
1.711637260416615248e+09 1.148314810000000013e-04
1.711637262283142567e+09 1.149064549999999986e-04
1.711637264154908895e+09 1.149926000000000008e-04
1.711637266022913218e+09 1.150901410000000033e-04
1.711637267890947104e+09 1.151689829999999947e-04
1.711637269758468628e+09 1.152565389999999967e-04
1.711637271629043102e+09 1.153188420000000061e-04
1.711637273498560429e+09 1.153948989999999992e-04
1.711637275367817163e+09 1.154957069999999986e-04
1.711637277237332106e+09 1.155469110000000000e-04
1.711637279105594158e+09 1.155963179999999990e-04
1.711637281180046082e+09 1.156572150000000022e-04
1.711637283048588276e+09 1.157265689999999994e-04
1.711637284919583321e+09 1.158318549999999949e-04
1.711637286788106680e+09 1.158527280000000063e-04
1.711637288655664921e+09 1.158919689999999962e-04
1.711637290524666309e+09 1.159802469999999999e-04
1.711637292396180630e+09 1.160321299999999986e-04
1.711637294266953230e+09 1.160951929999999935e-04
1.711637296135955095e+09 1.161613499999999987e-04
1.711637298005508661e+09 1.161967229999999945e-04
1.711637299874038696e+09 1.162502949999999935e-04
1.711637301948016167e+09 1.162758709999999965e-04
1.711637303815149069e+09 1.163083569999999949e-04
1.711637305687142611e+09 1.163623039999999998e-04
1.711637307555662155e+09 1.164090869999999942e-04
1.711637309426697254e+09 1.164645700000000009e-04
1.711637311294702053e+09 1.164967970000000043e-04
1.711637313166533947e+09 1.165429480000000032e-04
1.711637315036533594e+09 1.165782690000000035e-04
1.711637316905058861e+09 1.166200880000000056e-04
1.711637318775121927e+09 1.166496340000000017e-04
1.711637320642129660e+09 1.166945360000000041e-04
1.711637322716097832e+09 1.167263510000000003e-04
1.711637324583880186e+09 1.167627030000000009e-04
1.711637326453879356e+09 1.167855660000000024e-04
1.711637328322426796e+09 1.168162109999999981e-04
1.711637330190953255e+09 1.168595769999999988e-04
1.711637332058958054e+09 1.168571019999999950e-04
1.711637333929746151e+09 1.169097350000000056e-04
1.711637335800758600e+09 1.169591330000000000e-04
1.711637337674557686e+09 1.169660939999999950e-04
1.711637339548130751e+09 1.169834719999999990e-04
1.711637341418130159e+09 1.169994050000000037e-04
1.711637343494524002e+09 1.170185359999999962e-04
1.711637345361047029e+09 1.170529290000000048e-04
1.711637347231046200e+09 1.170846329999999973e-04
1.711637349099925756e+09 1.171085519999999941e-04
1.711637350967930317e+09 1.171357259999999950e-04
1.711637352835030556e+09 1.171670260000000027e-04
1.711637354705549240e+09 1.171515490000000055e-04
1.711637356575548410e+09 1.171975959999999999e-04
1.711637358444409132e+09 1.171900159999999982e-04
1.711637360312925577e+09 1.172032679999999955e-04
1.711637362178935766e+09 1.172403710000000039e-04
1.711637364254910469e+09 1.172504769999999953e-04
1.711637366120948315e+09 1.173113749999999945e-04
1.711637367991944790e+09 1.172926600000000067e-04
1.711637369858265400e+09 1.172899300000000055e-04
1.711637371725272655e+09 1.173106589999999960e-04
1.711637373594794273e+09 1.173207140000000014e-04
1.711637375464822292e+09 1.173470630000000056e-04
1.711637377333824158e+09 1.173675849999999965e-04
1.711637379200669765e+09 1.173852719999999992e-04
1.711637381070669174e+09 1.173952749999999956e-04
1.711637382936761856e+09 1.173892570000000001e-04
1.711637385009741545e+09 1.174089539999999943e-04
1.711637386875751495e+09 1.174356640000000061e-04
1.711637388746798038e+09 1.174443720000000000e-04
1.711637390614318609e+09 1.174494189999999993e-04
1.711637392479331255e+09 1.174777280000000051e-04
1.711637394347858667e+09 1.174608669999999952e-04
1.711637396219879627e+09 1.174802639999999955e-04
1.711637398090399265e+09 1.175015599999999972e-04
1.711637399958906651e+09 1.174976410000000036e-04
1.711637401828904867e+09 1.175462659999999967e-04
1.711637403699419022e+09 1.175155369999999978e-04
1.711637405773630857e+09 1.175344089999999953e-04
1.711637407640637875e+09 1.175516829999999948e-04
1.711637409512453079e+09 1.175366150000000032e-04
1.711637411379974604e+09 1.175544960000000032e-04
1.711637413246981859e+09 1.175863629999999950e-04
1.711637415116510153e+09 1.175638289999999934e-04
1.711637416987506866e+09 1.175795230000000044e-04
1.711637418856879950e+09 1.175805030000000052e-04
1.711637420725408554e+09 1.175940649999999971e-04
1.711637422594410419e+09 1.175936519999999939e-04
1.711637424461449385e+09 1.175961949999999970e-04
1.711637426536936283e+09 1.176193469999999957e-04
1.711637428403460503e+09 1.176129019999999989e-04
1.711637430274219513e+09 1.176070340000000004e-04
1.711637432140749454e+09 1.176361799999999956e-04
1.711637434008754253e+09 1.176178749999999958e-04
1.711637435876793146e+09 1.176301470000000059e-04
1.711637437748787165e+09 1.176377169999999933e-04
1.711637439618624449e+09 1.176594769999999977e-04
1.711637441485658407e+09 1.176786590000000033e-04
1.711637443355657816e+09 1.176520520000000000e-04
1.711637445225186110e+09 1.176671289999999963e-04
1.711637447299669266e+09 1.176515560000000033e-04
1.711637449167008162e+09 1.176671799999999958e-04
1.711637451038533926e+09 1.176832699999999965e-04
1.711637452906538486e+09 1.176685760000000013e-04
1.711637454775573969e+09 1.176703800000000028e-04
1.711637456644606829e+09 1.177069909999999984e-04
1.711637458515646696e+09 1.177203369999999997e-04
1.711637460385049820e+09 1.177072400000000064e-04
1.711637462253086567e+09 1.177046099999999986e-04
1.711637464120869398e+09 1.177263700000000029e-04
1.711637465989541292e+09 1.177191760000000038e-04
1.711637468062996626e+09 1.177211349999999958e-04
1.711637469929569244e+09 1.177174230000000018e-04
1.711637471799091339e+09 1.177279999999999950e-04
1.711637473666098595e+09 1.177364640000000016e-04
1.711637475533380508e+09 1.177380629999999956e-04
1.711637477402897358e+09 1.177465710000000026e-04
1.711637479273931503e+09 1.177344960000000049e-04
1.711637481144442320e+09 1.177542959999999941e-04
1.711637483012446642e+09 1.177486239999999985e-04
1.711637484881759882e+09 1.177411470000000053e-04
1.711637486748290539e+09 1.177427269999999939e-04
1.711637488823272705e+09 1.177474709999999978e-04
1.711637490691315651e+09 1.177640750000000046e-04
1.711637492560838461e+09 1.177562680000000019e-04
1.711637494429188013e+09 1.177453149999999933e-04
1.711637496298739910e+09 1.177791410000000042e-04
1.711637498171832323e+09 1.177681579999999935e-04
1.711637500046948910e+09 1.177911669999999944e-04
1.711637501918460846e+09 1.177866289999999940e-04
1.711637503786466837e+09 1.177615180000000033e-04
1.711637505655443907e+09 1.177737899999999998e-04
1.711637507523158550e+09 1.177848050000000047e-04
1.711637509604106903e+09 1.177853720000000023e-04
1.711637511472772598e+09 1.177436049999999957e-04
1.711637513342770100e+09 1.177701120000000055e-04
1.711637515212974072e+09 1.177812540000000043e-04
1.711637517082012415e+09 1.177759940000000022e-04
1.711637518951045036e+09 1.177819239999999969e-04
1.711637520822918177e+09 1.177785689999999994e-04
1.711637522693434954e+09 1.177708339999999936e-04
1.711637524563433886e+09 1.177973380000000019e-04
1.711637526431471586e+09 1.177846530000000022e-04
1.711637528298547268e+09 1.177885039999999965e-04
1.711637530372276783e+09 1.178075829999999935e-04
1.711637532241802692e+09 1.178031999999999972e-04
1.711637534111829758e+09 1.177958790000000042e-04
1.711637535979834557e+09 1.178138240000000059e-04
1.711637537846873045e+09 1.178000049999999973e-04
1.711637539714716673e+09 1.177860829999999938e-04
1.711637541585613251e+09 1.177948590000000006e-04
1.711637543457134247e+09 1.178144529999999998e-04
1.711637545326136351e+09 1.178035219999999981e-04
1.711637547192898035e+09 1.178179599999999998e-04
1.711637549061423302e+09 1.178112440000000016e-04
1.711637551135412693e+09 1.178232589999999951e-04
1.711637553002453804e+09 1.178228980000000010e-04
1.711637554871455669e+09 1.177984479999999982e-04
1.711637556739749193e+09 1.178239609999999954e-04
1.711637558606305838e+09 1.178201460000000063e-04
1.711637560475307703e+09 1.178081309999999993e-04
1.711637562345819950e+09 1.178437519999999935e-04
1.711637564215847015e+09 1.178271480000000001e-04
1.711637566085094929e+09 1.178215789999999995e-04
1.711637567953619242e+09 1.178282830000000050e-04
1.711637569821148157e+09 1.178184829999999971e-04
1.711637571895116329e+09 1.178309609999999972e-04
1.711637573763149261e+09 1.178396760000000038e-04
1.711637575633148670e+09 1.178226579999999978e-04
1.711637577501195431e+09 1.178433860000000058e-04
1.711637579367800474e+09 1.178102819999999966e-04
1.711637581236488104e+09 1.178515330000000052e-04
1.711637583107006788e+09 1.178541899999999999e-04
1.711637584976163864e+09 1.178275310000000012e-04
1.711637586842699051e+09 1.178572830000000008e-04
1.711637588711740494e+09 1.178727529999999988e-04
1.711637590578746080e+09 1.178444389999999995e-04
1.711637592652722597e+09 1.178609909999999973e-04
1.711637594518765926e+09 1.178375800000000035e-04
1.711637596390017271e+09 1.178650789999999933e-04
1.711637598258082390e+09 1.178568960000000022e-04
1.711637600126600742e+09 1.178495739999999996e-04
1.711637601994605303e+09 1.178546789999999976e-04
1.711637603866123676e+09 1.178317139999999970e-04
1.711637605736365557e+09 1.178495029999999987e-04
1.711637607602901936e+09 1.178674989999999999e-04
1.711637609471955776e+09 1.178565160000000027e-04
1.711637611338962793e+09 1.178466490000000050e-04
1.711637613412450075e+09 1.178799600000000002e-04
1.711637615279237747e+09 1.178613960000000053e-04
1.711637617149236917e+09 1.178633509999999998e-04
1.711637619016299725e+09 1.178638599999999988e-04
1.711637620884304523e+09 1.178452460000000004e-04
1.711637622752824783e+09 1.178598379999999966e-04
1.711637624621346474e+09 1.178862310000000012e-04
1.711637626491620064e+09 1.178870049999999984e-04
1.711637628358671427e+09 1.178814869999999973e-04
1.711637630228195667e+09 1.178883449999999973e-04
1.711637632098194838e+09 1.179033660000000004e-04
1.711637634175164700e+09 1.178941360000000053e-04
1.711637636043433189e+09 1.178805739999999998e-04
1.711637637913471222e+09 1.178683150000000055e-04
1.711637639782016039e+09 1.178996780000000054e-04
1.711637641648180962e+09 1.178935409999999975e-04
1.711637643515214443e+09 1.178741020000000024e-04
1.711637645385546923e+09 1.178819559999999935e-04
1.711637647254548788e+09 1.178771599999999941e-04
1.711637649123591423e+09 1.179049020000000022e-04
1.711637650991865396e+09 1.178917529999999998e-04
1.711637652859903574e+09 1.178857129999999974e-04
1.711637654933879852e+09 1.178777720000000016e-04
1.711637656799889326e+09 1.179071640000000032e-04
1.711637658670995235e+09 1.179029170000000056e-04
1.711637660539763927e+09 1.178884630000000001e-04
1.711637662407768488e+09 1.178933099999999990e-04
1.711637664275292397e+09 1.178841829999999988e-04
1.711637666145817518e+09 1.179072369999999961e-04
1.711637668014819622e+09 1.179145589999999988e-04
1.711637669882873535e+09 1.179123419999999941e-04
1.711637671753127098e+09 1.179108980000000042e-04
1.711637673621650696e+09 1.178991889999999942e-04
1.711637675696623087e+09 1.178998080000000009e-04
1.711637677564627886e+09 1.178972819999999977e-04
1.711637679434174776e+09 1.179058510000000049e-04
1.711637681301490784e+09 1.179377789999999968e-04
1.711637683168498278e+09 1.179088509999999979e-04
1.711637685037531614e+09 1.179115840000000007e-04
1.711637686907531023e+09 1.179173800000000023e-04
1.711637688776107550e+09 1.178904630000000045e-04
1.711637690643859148e+09 1.179012399999999981e-04
1.711637692511864424e+09 1.179104189999999937e-04
1.711637694384382725e+09 1.178923819999999937e-04
1.711637696460862875e+09 1.179185249999999943e-04
1.711637698329417944e+09 1.179166170000000018e-04
1.711637700202955723e+09 1.179126420000000015e-04
1.711637702073885202e+09 1.179206809999999988e-04
1.711637703942742586e+09 1.179272290000000042e-04
1.711637705811708450e+09 1.178905669999999955e-04
1.711637707681707859e+09 1.179174839999999933e-04
1.711637709550761700e+09 1.179185670000000027e-04
1.711637711418048859e+09 1.179455350000000000e-04
1.711637713289045572e+09 1.179273329999999952e-04
1.711637715159073353e+09 1.179374660000000007e-04
1.711637717233551025e+09 1.179377749999999992e-04
1.711637719101108313e+09 1.179188510000000063e-04
1.711637720971883059e+09 1.179343620000000031e-04
1.711637722837892771e+09 1.179333720000000016e-04
1.711637724705417156e+09 1.179369300000000011e-04
1.711637726574940443e+09 1.179182119999999982e-04
1.711637728445453405e+09 1.179181349999999941e-04
1.711637730314484119e+09 1.179515489999999979e-04
1.711637732182577372e+09 1.179147319999999987e-04
1.711637734050582170e+09 1.179183930000000068e-04
1.711637735918615103e+09 1.179176759999999986e-04
1.711637737992096424e+09 1.179540289999999952e-04
1.711637739860638857e+09 1.179387149999999972e-04
1.711637741731934309e+09 1.179654829999999941e-04
1.711637743599938869e+09 1.179516199999999988e-04
1.711637745467469931e+09 1.179300140000000025e-04
1.711637747336502790e+09 1.179434210000000039e-04
1.711637749206559420e+09 1.179767219999999984e-04
1.711637751075337887e+09 1.179238680000000035e-04
1.711637752943342924e+09 1.179594479999999989e-04
1.711637754812868834e+09 1.179484130000000062e-04
1.711637756679402351e+09 1.179527720000000035e-04
1.711637758753403187e+09 1.179535450000000047e-04
1.711637760620944500e+09 1.179651990000000041e-04
1.711637762491819859e+09 1.179639599999999947e-04
1.711637764359824657e+09 1.179465820000000041e-04
1.711637766226863146e+09 1.179504490000000022e-04
1.711637768094896793e+09 1.179496760000000010e-04
1.711637769964922190e+09 1.179398330000000023e-04
1.711637771835707426e+09 1.179586540000000002e-04
1.711637773703711987e+09 1.179690699999999998e-04
1.711637775572279215e+09 1.179506099999999959e-04
1.711637777441309690e+09 1.179621579999999987e-04
1.711637779515312910e+09 1.179698930000000045e-04
1.711637781383097410e+09 1.179684490000000011e-04
1.711637783253674746e+09 1.179605260000000011e-04
1.711637785121679544e+09 1.179728149999999975e-04
1.711637786990496874e+09 1.179960700000000048e-04
1.711637788859019041e+09 1.179881810000000045e-04
1.711637790731539726e+09 1.179742550000000033e-04
1.711637792601568937e+09 1.179983349999999938e-04
1.711637794468576431e+09 1.179755950000000022e-04
1.711637796337873697e+09 1.179819889999999996e-04
1.711637798206905603e+09 1.179686199999999954e-04
1.711637800281872749e+09 1.179627419999999962e-04
1.711637802148396254e+09 1.179784689999999973e-04
1.711637804019392967e+09 1.179750369999999957e-04
1.711637805886437416e+09 1.179759389999999965e-04
1.711637807755236149e+09 1.179782589999999961e-04
1.711637809623764038e+09 1.179804769999999968e-04
1.711637811494287968e+09 1.179905129999999968e-04
1.711637813363319397e+09 1.180083019999999985e-04
1.711637815231323957e+09 1.179954630000000043e-04
1.711637817101640940e+09 1.180069619999999996e-04
1.711637818971683741e+09 1.179888360000000029e-04
1.711637821047692060e+09 1.180054909999999957e-04
1.711637822914725304e+09 1.180110080000000008e-04
1.711637824786719561e+09 1.179547220000000044e-04
1.711637826654018879e+09 1.180053789999999960e-04
1.711637828520571947e+09 1.179832579999999975e-04
1.711637830389574051e+09 1.179970260000000066e-04
1.711637832260085344e+09 1.180257550000000011e-04
1.711637834130111694e+09 1.179894540000000000e-04
1.711637835999113798e+09 1.180009529999999953e-04
1.711637837868020773e+09 1.180045109999999949e-04
1.711637839734568119e+09 1.180114890000000033e-04
1.711637841808536530e+09 1.180022079999999950e-04
1.711637843676568747e+09 1.180069000000000034e-04
1.711637845547565222e+09 1.180040620000000001e-04
1.711637847414859533e+09 1.180111230000000021e-04
1.711637849281408072e+09 1.180370080000000036e-04
1.711637851149412632e+09 1.180194760000000050e-04
1.711637853021545172e+09 1.180003049999999961e-04
1.711637854899511099e+09 1.180164959999999998e-04
1.711637856766811371e+09 1.180191259999999941e-04
1.711637858635879278e+09 1.180276340000000011e-04
1.711637860509866953e+09 1.180220910000000050e-04
1.711637862585848093e+09 1.180399320000000021e-04
1.711637864452885866e+09 1.180401900000000012e-04
1.711637866324126720e+09 1.180214829999999950e-04
1.711637868192644596e+09 1.180254630000000023e-04
1.711637870059771538e+09 1.180439230000000062e-04
1.711637871929286718e+09 1.180437680000000021e-04
1.711637873800321341e+09 1.180236089999999973e-04
1.711637875670320272e+09 1.180074690000000067e-04
1.711637877536888361e+09 1.180512989999999964e-04
1.711637879405958414e+09 1.180432029999999965e-04
1.711637881271968365e+09 1.180375240000000017e-04
1.711637883345457315e+09 1.180373179999999982e-04
1.711637885212504387e+09 1.180403090000000001e-04
1.711637887081762314e+09 1.180455439999999936e-04
1.711637888948802710e+09 1.180537209999999950e-04
1.711637890814812660e+09 1.180504209999999946e-04
1.711637892683347702e+09 1.180199470000000068e-04
1.711637894554875374e+09 1.180297919999999975e-04
1.711637896426182747e+09 1.180468079999999980e-04
1.711637898293761492e+09 1.180477369999999993e-04
1.711637900161283016e+09 1.180486650000000046e-04
1.711637902029288054e+09 1.180336070000000001e-04
1.711637904103268862e+09 1.180193240000000025e-04
1.711637905969278812e+09 1.180495410000000008e-04
1.711637907839954138e+09 1.180379400000000064e-04
1.711637909708995104e+09 1.180493859999999967e-04
1.711637911576002359e+09 1.180354119999999977e-04
1.711637913443009615e+09 1.180331950000000065e-04
1.711637915312534809e+09 1.180837299999999978e-04
1.711637917182768345e+09 1.180600100000000054e-04
1.711637919050833941e+09 1.180753249999999993e-04
1.711637920918838739e+09 1.180526880000000027e-04
1.711637922787375450e+09 1.180726459999999976e-04
1.711637924867862940e+09 1.180581050000000009e-04
1.711637926739087582e+09 1.180887340000000063e-04
1.711637928611120701e+09 1.180683559999999956e-04
1.711637930477643490e+09 1.180481849999999981e-04
1.711637932348639965e+09 1.180620560000000021e-04
1.711637934216627598e+09 1.180933550000000002e-04
1.711637936086155891e+09 1.180859170000000003e-04
1.711637937954972506e+09 1.180818949999999981e-04
1.711637939822146893e+09 1.180819459999999976e-04
1.711637941691148996e+09 1.180803479999999997e-04
1.711637943558182955e+09 1.180859579999999991e-04
1.711637945632668734e+09 1.180513070000000051e-04
1.711637947502035856e+09 1.180916809999999942e-04
1.711637949372077942e+09 1.180841399999999993e-04
1.711637951240604401e+09 1.181050089999999996e-04
1.711637953106614828e+09 1.180830430000000053e-04
1.711637954974670410e+09 1.180833010000000043e-04
1.711637956845918655e+09 1.180972969999999968e-04
1.711637958716043949e+09 1.180893560000000010e-04
1.711637960587668180e+09 1.180758460000000046e-04
1.711637962456669807e+09 1.180992560000000024e-04
1.711637964324701071e+09 1.180836780000000022e-04
1.711637966407781601e+09 1.181382330000000036e-04
1.711637968274339676e+09 1.180930110000000060e-04
1.711637970156681299e+09 1.180926310000000065e-04
1.711637972025681973e+09 1.180891070000000066e-04
1.711637973895209312e+09 1.180837949999999955e-04
1.711637975764245749e+09 1.180884360000000044e-04
1.711637977635510206e+09 1.180837210000000066e-04
1.711637979506067991e+09 1.180861449999999973e-04
1.711637981373587370e+09 1.181117719999999997e-04
1.711637983240595341e+09 1.180732019999999985e-04
1.711637985109118938e+09 1.180888049999999936e-04
1.711637987184347153e+09 1.181129370000000067e-04
1.711637989052879572e+09 1.180857109999999967e-04
1.711637990922913551e+09 1.181113310000000001e-04
1.711637992790918350e+09 1.181044150000000014e-04
1.711637994659444332e+09 1.180944630000000046e-04
1.711637996527228832e+09 1.181104480000000047e-04
1.711637998398768663e+09 1.181040289999999988e-04
1.711638000268140078e+09 1.180912929999999996e-04
1.711638002135975361e+09 1.181163009999999954e-04
1.711638004006783247e+09 1.181038739999999948e-04
1.711638005876727581e+09 1.181292769999999978e-04
1.711638007951180220e+09 1.180909639999999997e-04
1.711638009818732738e+09 1.181351030000000015e-04
1.711638011690252542e+09 1.180985940000000049e-04
