1.711671276381048918e+09 -6.523396649999999794e-07
1.711671278324905872e+09 -6.476473459999999605e-07
1.711671280627745867e+09 -6.438315300000000067e-07
1.711671282495790005e+09 -6.667259170000000007e-07
1.711671284364593506e+09 -6.426455589999999847e-07
1.711671286234592676e+09 -6.379532719999999760e-07
1.711671288104124069e+09 -6.369219940000000484e-07
1.711671289971131325e+09 -6.373345050000000399e-07
1.711671291840194702e+09 -6.482144959999999564e-07
1.711671293708718777e+09 -6.481628810000000235e-07
1.711671295784835577e+09 -6.546083730000000372e-07
1.711671297651877642e+09 -6.541958620000000457e-07
1.711671299523497581e+09 -6.542989490000000281e-07
1.711671301391012430e+09 -6.643539660000000299e-07
1.711671303258052111e+09 -6.317655600000000391e-07
1.711671305124802828e+09 -6.496066809999999824e-07
1.711671306994801998e+09 -6.521332310000000243e-07
1.711671308863833666e+09 -6.378500230000000412e-07
1.711671310733079195e+09 -6.321264279999999961e-07
1.711671312601941586e+09 -6.358390300000000362e-07
1.711671314475446224e+09 -6.400672439999999951e-07
1.711671316547904015e+09 -6.413047779999999732e-07
1.711671318416459322e+09 -6.525972769999999762e-07
1.711671320286234140e+09 -6.400672999999999865e-07
1.711671322153269053e+09 -6.424908559999999598e-07
1.711671324019791126e+09 -6.655399350000000447e-07
1.711671325887795687e+09 -6.699744330000000498e-07
1.711671327758307695e+09 -6.507927069999999922e-07
1.711671329629831791e+09 -6.260935800000000328e-07
1.711671331497128725e+09 -6.351688329999999912e-07
1.711671333366162539e+09 -6.549693869999999944e-07
1.711671335234689713e+09 -6.327454379999999666e-07
1.711671337310139656e+09 -6.487818279999999772e-07
1.711671339179680586e+09 -6.546601180000000182e-07
1.711671341050460339e+09 -6.367157939999999893e-07
1.711671342919987917e+09 -6.523395979999999481e-07
1.711671344789019823e+09 -6.889499939999999634e-07
1.711671346657024622e+09 -6.427487059999999729e-07
1.711671348529053926e+09 -6.456877740000000317e-07
1.711671350398821592e+09 -6.477503309999999964e-07
1.711671352266349792e+09 -6.837935170000000099e-07
1.711671354135871887e+09 -6.183588920000000435e-07
1.711671356003876686e+09 -6.352202750000000377e-07
1.711671358077947378e+09 -6.239793399999999944e-07
1.711671359945467949e+09 -6.562067930000000375e-07
1.711671361816340446e+09 -6.268669269999999711e-07
1.711671363684858084e+09 -6.561552450000000300e-07
1.711671365550326824e+09 -6.456362040000000503e-07
1.711671367419328451e+09 -6.262997310000000200e-07
1.711671369290851355e+09 -6.303733359999999774e-07
1.711671371159744740e+09 -6.270216799999999655e-07
1.711671373028746843e+09 -6.547115130000000001e-07
1.711671374897048235e+09 -6.218652859999999954e-07
1.711671376766050339e+09 -6.441408619999999997e-07
1.711671378838553429e+09 -6.431095839999999662e-07
1.711671380708070755e+09 -6.398094920000000198e-07
1.711671382577592373e+09 -6.705415289999999557e-07
1.711671384444371700e+09 -6.377983729999999813e-07
1.711671386311148882e+09 -6.591973969999999544e-07
1.711671388179153442e+09 -6.535769310000000441e-07
1.711671390050678492e+09 -6.425937499999999833e-07
1.711671391919996023e+09 -6.366639010000000008e-07
1.711671393787039280e+09 -6.371279759999999520e-07
1.711671395654570580e+09 -6.563613130000000338e-07
1.711671397523572445e+09 -6.292902559999999680e-07
1.711671399596586227e+09 -6.167086630000000417e-07
1.711671401462907553e+09 -6.467704190000000514e-07
1.711671403333904266e+09 -6.358904759999999913e-07
1.711671405200951815e+09 -6.182556659999999804e-07
1.711671407068956375e+09 -6.106757700000000211e-07
1.711671408937014341e+09 -6.282590650000000384e-07
1.711671410807304621e+09 -6.159868460000000457e-07
1.711671412677834272e+09 -6.356326980000000276e-07
1.711671414544358492e+09 -6.469767589999999831e-07
1.711671416413399696e+09 -6.437282330000000037e-07
1.711671418281917810e+09 -6.209884979999999553e-07
1.711671420355433941e+09 -6.472860919999999797e-07
1.711671422223405838e+09 -6.569285430000000023e-07
1.711671424095399618e+09 -6.038692870000000277e-07
1.711671425964142323e+09 -6.259902109999999803e-07
1.711671427831149817e+09 -6.286199710000000273e-07
1.711671429699685335e+09 -6.286199710000000273e-07
1.711671431570492268e+09 -6.349107960000000409e-07
1.711671433440491676e+09 -6.569801510000000157e-07
1.711671435309535503e+09 -6.436250969999999494e-07
1.711671437177577496e+09 -6.500190229999999962e-07
1.711671439046606064e+09 -6.219682509999999588e-07
1.711671441119366884e+09 -6.293418899999999698e-07
1.711671442988368988e+09 -6.453267029999999736e-07
1.711671444858883381e+09 -6.465641990000000256e-07
1.711671446727378130e+09 -6.378498609999999829e-07
1.711671448595382929e+09 -6.360451240000000284e-07
1.711671450464433432e+09 -6.385201919999999846e-07
1.711671452334221125e+09 -6.324356099999999743e-07
1.711671454205217600e+09 2.888081579999999919e-07
1.711671456072272539e+09 7.163274210000000264e-05
1.711671457939323664e+09 1.476271859999999899e-04
1.711671459807849407e+09 1.981999519999999950e-04
1.711671461880606890e+09 2.303316590000000104e-04
1.711671463747613907e+09 2.531527289999999921e-04
1.711671465618139029e+09 2.669041410000000240e-04
1.711671467485183001e+09 2.767375979999999857e-04
1.711671469352190256e+09 2.838342739999999962e-04
1.711671471221016407e+09 2.891574509999999968e-04
1.711671473091531038e+09 2.931915189999999781e-04
1.711671474961530209e+09 2.962569580000000251e-04
1.711671476830056190e+09 2.986208149999999796e-04
1.711671478699579716e+09 3.005409110000000113e-04
1.711671480568644047e+09 3.019951580000000170e-04
1.711671482641818523e+09 3.032101649999999833e-04
1.711671484508825779e+09 3.042378390000000164e-04
1.711671486379358530e+09 3.050161900000000217e-04
1.711671488246401072e+09 3.056640340000000059e-04
1.711671490114405394e+09 3.062110779999999859e-04
1.711671491983732462e+09 3.066517980000000253e-04
1.711671493853731632e+09 3.070418549999999751e-04
1.711671495723776340e+09 3.073798070000000136e-04
1.711671497590820789e+09 3.076763529999999988e-04
1.711671499458853960e+09 3.079572230000000095e-04
1.711671501326196194e+09 3.081837769999999990e-04
1.711671503401169777e+09 3.084312850000000151e-04
1.711671505269174337e+09 3.086305290000000050e-04
1.711671507140224457e+09 3.088488960000000194e-04
1.711671509007231712e+09 3.090013070000000115e-04
1.711671510874440670e+09 3.091519770000000214e-04
1.711671512742961407e+09 3.093071850000000044e-04
1.711671514613957882e+09 3.094672850000000099e-04
1.711671516484477282e+09 3.095836129999999836e-04
1.711671518352037191e+09 3.097585190000000247e-04
1.711671520221039057e+09 3.098719599999999875e-04
1.711671522088877201e+09 3.099983909999999782e-04
1.711671524163851500e+09 3.101588579999999809e-04
1.711671526030858755e+09 3.102722479999999849e-04
1.711671527899892330e+09 3.104286349999999732e-04
1.711671529766899347e+09 3.105714670000000229e-04
1.711671531634731770e+09 3.107088340000000088e-04
1.711671533502252817e+09 3.108289780000000218e-04
1.711671535371254683e+09 3.108882120000000158e-04
1.711671537240777969e+09 3.109926809999999961e-04
1.711671539108834982e+09 3.110245480000000014e-04
1.711671540978154659e+09 3.110664179999999895e-04
1.711671542844676971e+09 3.111854300000000263e-04
1.711671544918132067e+09 3.112376130000000054e-04
1.711671546785660982e+09 3.113587890000000147e-04
1.711671548657683611e+09 3.114577279999999741e-04
1.711671550526685476e+09 3.115279999999999894e-04
1.711671552395005703e+09 3.116342740000000214e-04
1.711671554262534380e+09 3.116982649999999809e-04
1.711671556133530855e+09 3.118071339999999980e-04
1.711671558003601313e+09 3.118836040000000213e-04
1.711671559872365236e+09 3.119832780000000253e-04
1.711671561741417170e+09 3.120249409999999732e-04
1.711671563609933853e+09 3.121385889999999763e-04
1.711671565684386253e+09 3.121767980000000105e-04
1.711671567553910971e+09 3.122944669999999927e-04
1.711671569424670696e+09 3.123915389999999855e-04
1.711671571293189287e+09 3.124669049999999749e-04
1.711671573160710096e+09 3.125279570000000229e-04
1.711671575028714657e+09 3.125971559999999889e-04
1.711671576899241447e+09 3.126854560000000131e-04
1.711671578770021677e+09 3.127470750000000180e-04
1.711671580637029171e+09 3.128375699999999993e-04
1.711671582504075766e+09 3.129025920000000132e-04
1.711671584372107506e+09 3.129577020000000060e-04
1.711671586446559906e+09 3.130503109999999969e-04
1.711671588312605381e+09 3.131222429999999928e-04
1.711671590182382822e+09 3.131961839999999843e-04
1.711671592051910639e+09 3.132561479999999886e-04
1.711671593919430494e+09 3.133182309999999826e-04
1.711671595787435055e+09 3.134096029999999832e-04
1.711671597656961679e+09 3.134580349999999886e-04
1.711671599527254820e+09 3.135158900000000175e-04
1.711671601395789862e+09 3.136053539999999985e-04
1.711671603263853073e+09 3.136896099999999729e-04
1.711671605132369995e+09 3.137384400000000143e-04
1.711671607204827547e+09 3.138087219999999896e-04
1.711671609071621418e+09 3.139087050000000058e-04
1.711671610941145182e+09 3.139042889999999787e-04
1.711671612809666395e+09 3.140280599999999730e-04
1.711671614676702738e+09 3.141180910000000194e-04
1.711671616544707298e+09 3.141609920000000078e-04
1.711671618415387392e+09 3.142302279999999886e-04
1.711671620285098076e+09 3.142986540000000076e-04
1.711671622154126644e+09 3.143581590000000029e-04
1.711671624024641514e+09 3.144113209999999732e-04
1.711671625891648769e+09 3.144901289999999785e-04
1.711671627965134382e+09 3.145357629999999969e-04
1.711671629832922220e+09 3.146176990000000258e-04
1.711671631703444242e+09 3.146865169999999963e-04
1.711671633572968245e+09 3.147340419999999938e-04
1.711671635440004587e+09 3.148119559999999935e-04
1.711671637307011843e+09 3.148712540000000028e-04
1.711671639176792383e+09 3.149217509999999967e-04
1.711671641047314882e+09 3.149793999999999814e-04
1.711671642914835215e+09 3.150403490000000073e-04
1.711671644783362865e+09 3.151061959999999773e-04
1.711671646650370121e+09 3.151561510000000228e-04
1.711671648725121260e+09 3.152152429999999879e-04
1.711671650592648745e+09 3.153147100000000059e-04
1.711671652461677074e+09 3.153576019999999760e-04
1.711671654329200983e+09 3.154145160000000245e-04
1.711671656196727753e+09 3.154598409999999765e-04
1.711671658065254927e+09 3.155636399999999777e-04
1.711671659937019348e+09 3.156020739999999803e-04
1.711671661805552959e+09 3.156635390000000043e-04
1.711671663672586918e+09 3.157230950000000126e-04
1.711671665541626930e+09 3.157656359999999759e-04
1.711671667411615849e+09 3.158282549999999965e-04
1.711671669486590385e+09 3.158759000000000024e-04
1.711671671355144739e+09 3.159696440000000117e-04
1.711671673225143909e+09 3.160071049999999991e-04
1.711671675093181610e+09 3.160470999999999983e-04
1.711671676960189342e+09 3.161522910000000210e-04
1.711671678828282595e+09 3.162060730000000076e-04
1.711671680698991537e+09 3.162555880000000224e-04
1.711671682568526506e+09 3.162895169999999740e-04
1.711671684437307835e+09 3.163574780000000079e-04
1.711671686305831909e+09 3.164182209999999895e-04
1.711671688173836470e+09 3.164743879999999871e-04
1.711671690247812748e+09 3.165580249999999955e-04
1.711671692115855932e+09 3.165893760000000026e-04
1.711671693984857798e+09 3.166338720000000146e-04
1.711671695852677822e+09 3.166717080000000214e-04
1.711671697720682383e+09 3.167576649999999752e-04
1.711671699588785410e+09 3.168257299999999730e-04
1.711671701459337711e+09 3.168850480000000107e-04
1.711671703328339815e+09 3.169424389999999964e-04
1.711671705197595835e+09 3.169670349999999985e-04
1.711671707065600395e+09 3.170209190000000113e-04
1.711671708933122873e+09 3.170961279999999776e-04
1.711671711007128477e+09 3.171235599999999775e-04
1.711671712874136686e+09 3.172305559999999977e-04
1.711671714744904757e+09 3.172668759999999906e-04
1.711671716612437725e+09 3.173106279999999939e-04
1.711671718478967190e+09 3.173651829999999817e-04
1.711671720347550631e+09 3.174342789999999798e-04
1.711671722217636347e+09 3.174643279999999853e-04
1.711671724087765217e+09 3.175237300000000127e-04
1.711671725955285311e+09 3.175762229999999999e-04
1.711671727823290110e+09 3.176345420000000180e-04
1.711671729691821098e+09 3.176796489999999737e-04
1.711671731764823914e+09 3.177645240000000226e-04
1.711671733631078959e+09 3.177820039999999986e-04
1.711671735502599001e+09 3.178444709999999761e-04
1.711671737370127678e+09 3.179014150000000131e-04
1.711671739239157200e+09 3.179621579999999947e-04
1.711671741106200933e+09 3.179923749999999795e-04
1.711671742977197409e+09 3.180717210000000034e-04
1.711671744846955061e+09 3.180844060000000031e-04
1.711671746714489698e+09 3.181372080000000025e-04
1.711671748583491564e+09 3.181993940000000186e-04
1.711671750451529264e+09 3.182736969999999731e-04
1.711671752527531624e+09 3.183134530000000057e-04
1.711671754395782471e+09 3.183868799999999910e-04
1.711671756267292976e+09 3.184194060000000194e-04
1.711671758135333538e+09 3.184753450000000065e-04
1.711671760003572941e+09 3.185084490000000021e-04
1.711671761874600172e+09 3.185954380000000064e-04
1.711671763745082140e+09 3.186304889999999742e-04
1.711671765617589235e+09 3.186508570000000113e-04
1.711671767485362768e+09 3.187052570000000222e-04
1.711671769354205370e+09 3.187992579999999803e-04
1.711671771222749710e+09 3.188309749999999887e-04
1.711671773295720816e+09 3.188839829999999781e-04
1.711671775161730528e+09 3.189236359999999887e-04
1.711671777033240080e+09 3.189813739999999972e-04
1.711671778903026581e+09 3.190202420000000003e-04
1.711671780773115158e+09 3.190524180000000177e-04
1.711671782641645670e+09 3.190994449999999994e-04
1.711671784511444569e+09 3.191669870000000270e-04
1.711671786380960464e+09 3.192053509999999840e-04
1.711671788247491121e+09 3.192431989999999970e-04
1.711671790116750956e+09 3.193030140000000005e-04
1.711671791986292839e+09 3.193384460000000180e-04
1.711671794062739849e+09 3.194113059999999921e-04
1.711671795931276798e+09 3.194523510000000241e-04
1.711671797801306486e+09 3.194745579999999771e-04
1.711671799670592785e+09 3.195114080000000206e-04
1.711671801538147211e+09 3.195880330000000209e-04
1.711671803406666040e+09 3.196125770000000140e-04
1.711671805275667906e+09 3.196789050000000136e-04
1.711671807145251989e+09 3.197337180000000005e-04
1.711671809014516115e+09 3.197600669999999911e-04
1.711671810885041237e+09 3.198012149999999911e-04
1.711671812755084515e+09 3.198660870000000081e-04
1.711671814829536915e+09 3.198942930000000053e-04
1.711671816698574781e+09 3.199410099999999788e-04
1.711671818569120407e+09 3.200259430000000128e-04
1.711671820436404467e+09 3.200261030000000240e-04
1.711671822303449154e+09 3.200975200000000177e-04
1.711671824172974348e+09 3.201322739999999797e-04
1.711671826043970823e+09 3.202038690000000212e-04
1.711671827914000988e+09 3.202197499999999896e-04
1.711671829780252457e+09 3.202771929999999843e-04
1.711671831649795294e+09 3.203258179999999775e-04
1.711671833516320944e+09 3.203868310000000186e-04
1.711671835588778734e+09 3.204313300000000185e-04
1.711671837458301067e+09 3.204856790000000163e-04
1.711671839329589844e+09 3.205584660000000111e-04
1.711671841198326111e+09 3.205653540000000267e-04
1.711671843065376759e+09 3.206031499999999765e-04
1.711671844934558153e+09 3.206585299999999746e-04
1.711671846804592848e+09 3.206845010000000120e-04
1.711671848673626661e+09 3.207327129999999749e-04
1.711671850541892529e+09 3.208040270000000007e-04
1.711671852411948442e+09 3.208393999999999829e-04
1.711671854281472683e+09 3.208602359999999931e-04
1.711671856355925560e+09 3.209248969999999859e-04
1.711671858223111629e+09 3.209558360000000130e-04
1.711671860093877554e+09 3.210149789999999911e-04
1.711671861961405993e+09 3.210473069999999975e-04
1.711671863827937126e+09 3.210908780000000192e-04
1.711671865695941687e+09 3.211137209999999787e-04
1.711671867565973997e+09 3.211918529999999747e-04
1.711671869436741114e+09 3.212073230000000133e-04
1.711671871303277016e+09 3.212667759999999996e-04
1.711671873172961235e+09 3.213163809999999799e-04
1.711671875041963339e+09 3.213577240000000139e-04
1.711671877115449429e+09 3.213890240000000080e-04
1.711671878984243631e+09 3.214405880000000210e-04
1.711671880853245497e+09 3.214745210000000109e-04
1.711671882720318317e+09 3.215290759999999987e-04
1.711671884586854458e+09 3.215748139999999810e-04
1.711671886455855846e+09 3.215713070000000080e-04
1.711671888326885939e+09 3.216589170000000246e-04
1.711671890196650743e+09 3.216903199999999866e-04
1.711671892064177752e+09 3.217376559999999804e-04
1.711671893933691740e+09 3.217807640000000090e-04
1.711671895799701214e+09 3.218305629999999732e-04
1.711671897872696877e+09 3.218575309999999840e-04
1.711671899738497734e+09 3.218987820000000061e-04
1.711671901610622406e+09 3.219401109999999876e-04
1.711671903479148626e+09 3.219667459999999738e-04
1.711671905346050978e+09 3.220081520000000271e-04
1.711671907216050386e+09 3.220597679999999950e-04
1.711671909087575912e+09 3.221332420000000093e-04
1.711671910956092119e+09 3.221511859999999744e-04
1.711671912825128555e+09 3.222123409999999902e-04
1.711671914693417072e+09 3.222233240000000145e-04
1.711671916560423851e+09 3.222674119999999762e-04
1.711671918632925272e+09 3.223146960000000151e-04
1.711671920500444174e+09 3.223872989999999861e-04
1.711671922370480299e+09 3.223968779999999827e-04
1.711671924238007069e+09 3.224314709999999916e-04
1.711671926105064631e+09 3.225053110000000072e-04
1.711671927973069429e+09 3.224958230000000265e-04
1.711671929843102217e+09 3.225488659999999844e-04
1.711671931712619066e+09 3.225874869999999987e-04
1.711671933580571651e+09 3.226530260000000068e-04
1.711671935448098660e+09 3.226835520000000037e-04
1.711671937316103220e+09 3.227480009999999762e-04
1.711671939389095306e+09 3.227669249999999827e-04
1.711671941255132198e+09 3.228057009999999740e-04
1.711671943126413345e+09 3.228272809999999928e-04
1.711671944993932247e+09 3.228546339999999832e-04
1.711671946861937523e+09 3.228906259999999857e-04
1.711671948731457949e+09 3.229288350000000200e-04
1.711671950601485491e+09 3.229769749999999995e-04
1.711671952471782446e+09 3.230396770000000138e-04
1.711671954339300632e+09 3.230376140000000172e-04
1.711671956208824635e+09 3.230797420000000044e-04
1.711671958076349974e+09 3.231124900000000130e-04
1.711671960150835276e+09 3.231394580000000239e-04
1.711671962017178774e+09 3.232012840000000149e-04
1.711671963886725426e+09 3.232264100000000135e-04
1.711671965753894329e+09 3.232723689999999800e-04
1.711671967620901585e+09 3.232808260000000146e-04
1.711671969489427805e+09 3.233779210000000239e-04
1.711671971360728741e+09 3.234137579999999952e-04
1.711671973231725216e+09 3.234534630000000148e-04
1.711671975099251986e+09 3.234985809999999808e-04
1.711671976968811035e+09 3.235073469999999733e-04
1.711671978837366819e+09 3.235423820000000051e-04
1.711671980909559727e+09 3.235963190000000229e-04
1.711671982776566982e+09 3.236506160000000116e-04
1.711671984646080971e+09 3.236491579999999828e-04
1.711671986512837887e+09 3.236968409999999995e-04
1.711671988380842447e+09 3.237326790000000210e-04
1.711671990248875380e+09 3.237794470000000075e-04
1.711671992118916035e+09 3.238190549999999811e-04
1.711671993987918139e+09 3.238400929999999973e-04
1.711671995855209112e+09 3.238925339999999754e-04
1.711671997724211216e+09 3.239543080000000116e-04
1.711671999592245340e+09 3.239658090000000260e-04
1.711672001666245222e+09 3.239758120000000088e-04
1.711672003534249783e+09 3.240157230000000185e-04
1.711672005403279066e+09 3.240536730000000035e-04
1.711672007271061659e+09 3.241011629999999782e-04
1.711672009139066696e+09 3.241535520000000015e-04
1.711672011007116079e+09 3.241579349999999977e-04
1.711672012877115488e+09 3.242102160000000189e-04
1.711672014746630669e+09 3.242275410000000180e-04
1.711672016614416361e+09 3.242763209999999880e-04
1.711672018481936216e+09 3.243040109999999871e-04
1.711672020350473642e+09 3.243254540000000113e-04
1.711672022426103115e+09 3.243868670000000262e-04
1.711672024293110371e+09 3.243993449999999857e-04
1.711672026163677454e+09 3.244661039999999978e-04
1.711672028032679319e+09 3.245056880000000130e-04
1.711672029901208162e+09 3.245335840000000021e-04
1.711672031769767761e+09 3.245674619999999949e-04
1.711672033638769865e+09 3.246295209999999765e-04
1.711672035507554770e+09 3.246475690000000139e-04
1.711672037373087406e+09 3.247040310000000253e-04
1.711672039242113113e+09 3.247234190000000209e-04
1.711672041111669302e+09 3.247540820000000125e-04
1.711672043184646606e+09 3.247828550000000209e-04
1.711672045052906513e+09 3.248050790000000143e-04
1.711672046923418283e+09 3.248803470000000159e-04
1.711672048791423082e+09 3.249021429999999848e-04
1.711672050658950329e+09 3.249244700000000004e-04
1.711672052528006315e+09 3.249565940000000088e-04
1.711672054398005724e+09 3.250051029999999775e-04
1.711672056266767979e+09 3.250220680000000056e-04
1.711672058133315086e+09 3.250774480000000037e-04
1.711672060001319647e+09 3.251060659999999809e-04
1.711672061869350195e+09 3.251295649999999754e-04
1.711672063943802595e+09 3.251523040000000252e-04
1.711672065812560081e+09 3.251934010000000121e-04
1.711672067682075500e+09 3.252164269999999993e-04
1.711672069549082518e+09 3.252508000000000200e-04
1.711672071417129517e+09 3.252848840000000029e-04
1.711672073286645174e+09 3.253087070000000038e-04
1.711672075156885386e+09 3.253621740000000023e-04
1.711672077025408983e+09 3.253951230000000209e-04
1.711672078892933846e+09 3.254357040000000097e-04
1.711672080763454437e+09 3.254476670000000212e-04
1.711672082629683256e+09 3.254768390000000074e-04
1.711672084703138590e+09 3.255238659999999890e-04
1.711672086571101427e+09 3.255601670000000036e-04
1.711672088440614939e+09 3.256006770000000050e-04
1.711672090308874607e+09 3.256478379999999933e-04
1.711672092174920797e+09 3.256659889999999986e-04
1.711672094041928053e+09 3.256803240000000189e-04
1.711672095912954569e+09 3.257559539999999834e-04
1.711672097782987356e+09 3.257562639999999916e-04
1.711672099652014732e+09 3.257929779999999822e-04
1.711672101521200180e+09 3.258233490000000021e-04
1.711672103395706892e+09 3.258789349999999902e-04
1.711672105472154140e+09 3.259171949999999833e-04
1.711672107337985754e+09 3.259558169999999936e-04
1.711672109207512617e+09 3.259615610000000268e-04
1.711672111075033188e+09 3.259987589999999808e-04
1.711672112940573454e+09 3.260458879999999886e-04
1.711672114808578014e+09 3.260458879999999886e-04
1.711672116679118872e+09 3.261261850000000072e-04
1.711672118548688412e+09 3.261667139999999869e-04
1.711672120416682005e+09 3.261719219999999935e-04
1.711672122287281752e+09 3.262169379999999876e-04
1.711672124154812813e+09 3.262563270000000230e-04
1.711672126230266094e+09 3.262694249999999988e-04
1.711672128098106861e+09 3.262815419999999913e-04
1.711672129969103575e+09 3.263442099999999788e-04
1.711672131836673737e+09 3.263500549999999879e-04
1.711672133704203844e+09 3.263637719999999839e-04
1.711672135572208405e+09 3.264040949999999735e-04
1.711672137442517757e+09 3.264595030000000224e-04
1.711672139313075304e+09 3.265074059999999731e-04
1.711672141180773020e+09 3.265129750000000009e-04
1.711672143049694300e+09 3.265351989999999943e-04
1.711672144919693232e+09 3.265714010000000250e-04
1.711672146992730379e+09 3.265919239999999849e-04
1.711672148859268665e+09 3.266624120000000044e-04
1.711672150729267597e+09 3.266847120000000194e-04
1.711672152597316504e+09 3.267268599999999809e-04
1.711672154464848042e+09 3.267154639999999806e-04
1.711672156334108591e+09 3.267548079999999791e-04
1.711672158205172062e+09 3.268057659999999741e-04
1.711672160074173927e+09 3.268031879999999754e-04
1.711672161943764210e+09 3.268499560000000161e-04
1.711672163812282562e+09 3.269018809999999962e-04
1.711672165680536985e+09 3.269300540000000168e-04
1.711672167755514860e+09 3.269567120000000196e-04
1.711672169622558117e+09 3.269937350000000223e-04
1.711672171492079020e+09 3.270279090000000250e-04
1.711672173359604597e+09 3.270463539999999940e-04
1.711672175226926088e+09 3.270763129999999796e-04
1.711672177094930649e+09 3.271113760000000079e-04
1.711672178966956615e+09 3.271315590000000253e-04
1.711672180835958242e+09 3.271527000000000094e-04
1.711672182702526093e+09 3.271957050000000159e-04
1.711672184572317123e+09 3.272015830000000016e-04
1.711672186442316532e+09 3.272195300000000089e-04
1.711672188518289566e+09 3.272690310000000253e-04
1.711672190386322975e+09 3.273156449999999767e-04
1.711672192257839680e+09 3.273446639999999779e-04
1.711672194125627041e+09 3.273571329999999733e-04
1.711672195992634296e+09 3.274027159999999786e-04
1.711672197861077547e+09 3.274107599999999830e-04
1.711672199731943607e+09 3.274777639999999919e-04
1.711672201601479053e+09 3.275061240000000243e-04
1.711672203470764637e+09 3.275510360000000003e-04
1.711672205339291096e+09 3.275465499999999819e-04
1.711672207206298351e+09 3.275599269999999812e-04
1.711672209278783560e+09 3.276095829999999746e-04
1.711672211147328854e+09 3.276391299999999803e-04
1.711672213017565012e+09 3.276685470000000175e-04
1.711672214885082722e+09 3.276955419999999747e-04
1.711672216752090216e+09 3.277253459999999834e-04
1.711672218620160580e+09 3.277733000000000014e-04
1.711672220489675045e+09 3.278191889999999766e-04
1.711672222359450102e+09 3.278221800000000056e-04
1.711672224225981236e+09 3.278872020000000195e-04
1.711672226095010281e+09 3.278660100000000224e-04
1.711672227964012384e+09 3.279009519999999921e-04
1.711672230037493944e+09 3.279350879999999840e-04
1.711672231905259848e+09 3.279489070000000061e-04
1.711672233776767015e+09 3.279887940000000032e-04
1.711672235643290997e+09 3.280217769999999944e-04
1.711672237510298252e+09 3.280513230000000040e-04
1.711672239378839970e+09 3.280772600000000146e-04
1.711672241249379396e+09 3.281065120000000064e-04
1.711672243118630409e+09 3.281356979999999909e-04
1.711672244985152721e+09 3.281485889999999806e-04
1.711672246853157282e+09 3.281802489999999998e-04
1.711672248722685099e+09 3.281983129999999733e-04
1.711672250797166824e+09 3.282420909999999811e-04
1.711672252664986849e+09 3.282700899999999923e-04
1.711672254535014868e+09 3.283153420000000191e-04
1.711672256403049231e+09 3.283410459999999849e-04
1.711672258270568371e+09 3.283866289999999902e-04
1.711672260139127493e+09 3.284060679999999989e-04
1.711672262008921862e+09 3.284128890000000112e-04
1.711672263878443480e+09 3.284636800000000230e-04
1.711672265745483160e+09 3.284812640000000171e-04
1.711672267613488197e+09 3.284843570000000180e-04
1.711672269480520964e+09 3.285443940000000018e-04
1.711672271554520845e+09 3.285457860000000232e-04
1.711672273422788143e+09 3.285832210000000060e-04
1.711672275294295788e+09 3.285745279999999929e-04
1.711672277161824703e+09 3.286470500000000165e-04
1.711672279028861284e+09 3.286638600000000134e-04
1.711672280896382570e+09 3.286800509999999900e-04
1.711672282767683268e+09 3.287194960000000186e-04
1.711672284637209892e+09 3.287435770000000186e-04
1.711672286506730556e+09 3.287823530000000098e-04
1.711672288374735117e+09 3.287962239999999868e-04
1.711672290242770672e+09 3.288087219999999747e-04
1.711672292318547964e+09 3.288283160000000146e-04
1.711672294186552525e+09 3.288723000000000124e-04
1.711672296057576895e+09 3.288829520000000040e-04
1.711672297925613642e+09 3.289170700000000136e-04
1.711672299794134378e+09 3.289731199999999908e-04
1.711672301662175179e+09 3.289735330000000211e-04
1.711672303532427073e+09 3.290190240000000145e-04
1.711672305401939631e+09 3.290472300000000117e-04
1.711672307269469500e+09 3.290618219999999808e-04
1.711672309138471127e+09 3.290901310000000001e-04
1.711672311007530928e+09 3.291218409999999823e-04
1.711672313080277681e+09 3.291375680000000240e-04
1.711672314946812391e+09 3.291548940000000190e-04
1.711672316817839384e+09 3.291717420000000267e-04
1.711672318687352896e+09 3.292326180000000190e-04
1.711672320555884361e+09 3.292528310000000249e-04
1.711672322424729347e+09 3.292913490000000170e-04
1.711672324295725822e+09 3.292854200000000183e-04
1.711672326166243076e+09 3.293041379999999806e-04
1.711672328033250332e+09 3.293755030000000195e-04
1.711672329902282000e+09 3.293747290000000223e-04
1.711672331770828009e+09 3.294042410000000052e-04
1.711672333845552444e+09 3.294559599999999952e-04
1.711672335714077711e+09 3.294680259999999746e-04
1.711672337584600210e+09 3.294919890000000125e-04
1.711672339451635599e+09 3.295179660000000258e-04
1.711672341319197655e+09 3.295395199999999860e-04
1.711672343187501431e+09 3.295667970000000090e-04
1.711672345058497906e+09 3.296056680000000001e-04
1.711672346928022861e+09 3.296354199999999997e-04
1.711672348797024965e+09 3.296643479999999851e-04
1.711672350665062189e+09 3.296839939999999798e-04
1.711672352533375978e+09 3.297016780000000080e-04
