1.711668115509433746e+09 -1.096872479999999944e-06
1.711668117450275421e+09 -1.071090510000000094e-06
1.711668119319245338e+09 -1.090065890000000092e-06
1.711668121392044783e+09 -1.079495290000000065e-06
1.711668123260562420e+09 -1.081454720000000008e-06
1.711668125136090279e+09 -1.112032090000000050e-06
1.711668127007065058e+09 -1.101925509999999986e-06
1.711668128874099970e+09 -1.099708259999999927e-06
1.711668130743656158e+09 -1.084703149999999957e-06
1.711668132614551067e+09 -1.080887289999999950e-06
1.711668134485074759e+09 -1.095943959999999971e-06
1.711668136353079319e+09 -1.092076659999999924e-06
1.711668138221153021e+09 -1.092901689999999936e-06
1.711668140092655182e+09 -1.090065739999999972e-06
1.711668142169654369e+09 -1.093108010000000007e-06
1.711668144038171530e+09 -1.097748759999999942e-06
1.711668145910165548e+09 -1.091612699999999966e-06
1.711668147777707338e+09 -1.079856160000000029e-06
1.711668149645823479e+09 -1.079082700000000105e-06
1.711668151517202139e+09 -1.084187530000000009e-06
1.711668153391715527e+09 -1.090426789999999954e-06
1.711668155260748386e+09 -1.107803839999999960e-06
1.711668157127755880e+09 -1.092025270000000066e-06
1.711668158998369217e+09 -1.060983779999999910e-06
1.711668160867168665e+09 -1.072482489999999906e-06
1.711668162940139771e+09 -1.122705759999999998e-06
1.711668164806182861e+09 -1.074390360000000010e-06
1.711668166677179337e+09 -1.065521330000000088e-06
1.711668168545217991e+09 -1.115486739999999919e-06
1.711668170412256956e+09 -1.098058130000000073e-06
1.711668172280823231e+09 -1.078051329999999949e-06
1.711668174153340101e+09 -1.085786029999999982e-06
1.711668176023352861e+09 -1.080165560000000057e-06
1.711668177891979456e+09 -1.088261099999999946e-06
1.711668179761033535e+09 -1.062015059999999950e-06
1.711668181630933046e+09 -1.077071760000000080e-06
1.711668183703931332e+09 -1.074957639999999948e-06
1.711668185569970846e+09 -1.076040480000000040e-06
1.711668187442962408e+09 -1.077999940000000091e-06
1.711668189309363604e+09 -1.075524910000000061e-06
1.711668191176830053e+09 -1.089034660000000021e-06
1.711668193044833422e+09 -1.089395610000000064e-06
1.711668194917858601e+09 -1.097233220000000072e-06
1.711668196787858248e+09 -1.066552679999999959e-06
1.711668198654925823e+09 -1.083878160000000090e-06
1.711668200524524212e+09 -1.119766660000000035e-06
1.711668202393167019e+09 -1.077638760000000061e-06
1.711668204468139172e+09 -1.106205170000000006e-06
1.711668206336179495e+09 -1.100223750000000039e-06
1.711668208207175970e+09 -1.076298059999999920e-06
1.711668210075209379e+09 -1.042008009999999979e-06
1.711668211943175316e+09 -1.100790880000000068e-06
1.711668213812205791e+09 -1.088106150000000084e-06
1.711668215681549311e+09 -1.085682689999999929e-06
1.711668217552545786e+09 -1.087435870000000055e-06
1.711668219421094656e+09 -1.073926120000000095e-06
1.711668221290185690e+09 -1.066655610000000007e-06
1.711668223157081604e+09 -1.075266830000000061e-06
1.711668225234060287e+09 -1.070213570000000032e-06
1.711668227103488207e+09 -1.074544940000000012e-06
1.711668228978445292e+09 -1.082279439999999954e-06
1.711668230846492767e+09 -1.100739249999999975e-06
1.711668232714497328e+09 -1.058095889999999999e-06
1.711668234583026648e+09 -1.076143259999999967e-06
1.711668236452529669e+09 -1.068253850000000096e-06
1.711668238323042154e+09 -1.070367970000000017e-06
1.711668240190586805e+09 -1.091406039999999932e-06
1.711668242059113741e+09 -1.071553940000000035e-06
1.711668243929804802e+09 -1.085682449999999906e-06
1.711668246003557682e+09 -1.076349379999999948e-06
1.711668247871575594e+09 -1.085063679999999959e-06
1.711668250020794153e+09 -1.081608859999999897e-06
1.711668251890327454e+09 -1.109350240000000041e-06
1.711668253757334471e+09 -1.063870870000000095e-06
1.711668255625618696e+09 -1.062530210000000099e-06
1.711668257493656635e+09 -1.091921470000000038e-06
1.711668259566634893e+09 -1.057115840000000082e-06
1.711668261433334351e+09 -1.076761689999999951e-06
1.711668263304844618e+09 -1.089652669999999964e-06
1.711668265172849178e+09 -1.076400790000000090e-06
1.711668267040443420e+09 -1.101203029999999914e-06
1.711668268910439253e+09 -1.079752449999999905e-06
1.711668270782263279e+09 -1.073307150000000058e-06
1.711668272650783062e+09 -1.106153369999999931e-06
1.711668274519784689e+09 -1.067119480000000062e-06
1.711668276389308453e+09 -1.068769530000000049e-06
1.711668278256873369e+09 -1.087435789999999977e-06
1.711668280332582474e+09 -1.068821209999999901e-06
1.711668282199637175e+09 -1.087590479999999954e-06
1.711668284070633888e+09 -1.081454409999999943e-06
1.711668285939248323e+09 -1.070935390000000039e-06
1.711668287806285143e+09 -1.082021639999999911e-06
1.711668289674289703e+09 -1.094190720000000050e-06
1.711668291545679092e+09 -1.080835459999999978e-06
1.711668293417201996e+09 -6.991078359999999501e-07
1.711668295284209490e+09 3.008705249999999869e-05
1.711668297153240681e+09 7.460342389999999866e-05
1.711668299023765087e+09 1.041619969999999949e-04
1.711668301102098227e+09 1.211414749999999971e-04
1.711668302968659163e+09 1.315505880000000078e-04
1.711668304838658571e+09 1.369506379999999935e-04
1.711668306706699848e+09 1.402867779999999998e-04
1.711668308573749304e+09 1.424117390000000040e-04
1.711668310444190741e+09 1.439496930000000094e-04
1.711668312315736771e+09 1.450904529999999873e-04
1.711668314185767889e+09 1.459625070000000031e-04
1.711668316052775145e+09 1.466932749999999986e-04
1.711668317921841145e+09 1.473037949999999902e-04
1.711668319791110516e+09 1.478081099999999993e-04
1.711668321867598057e+09 1.482866259999999884e-04
1.711668323735144615e+09 1.487109480000000110e-04
1.711668325604146719e+09 1.490455979999999892e-04
1.711668327471205950e+09 1.493901490000000055e-04
1.711668329340244293e+09 1.496697299999999898e-04
1.711668331209288120e+09 1.499320369999999881e-04
1.711668333080803156e+09 1.501595810000000062e-04
1.711668334950802088e+09 1.503856900000000120e-04
1.711668336818347931e+09 1.505606470000000119e-04
1.711668338687926054e+09 1.507301899999999881e-04
1.711668340556275368e+09 1.509112519999999881e-04
1.711668342630821943e+09 1.510588800000000102e-04
1.711668344498855352e+09 1.512089319999999958e-04
1.711668346369859695e+09 1.513193039999999974e-04
1.711668348243869543e+09 1.514561799999999936e-04
1.711668350114755392e+09 1.515638980000000020e-04
1.711668351982788801e+09 1.516370680000000113e-04
1.711668353854298592e+09 1.517327830000000054e-04
1.711668355724332571e+09 1.517548519999999948e-04
1.711668357592863560e+09 1.518591669999999941e-04
1.711668359468974113e+09 1.519372350000000019e-04
1.711668361336634398e+09 1.519866389999999993e-04
1.711668363410609722e+09 1.520543430000000030e-04
1.711668365279757261e+09 1.521101869999999902e-04
1.711668367151751518e+09 1.521696369999999885e-04
1.711668369018806934e+09 1.521949000000000088e-04
1.711668370889307499e+09 1.522366159999999889e-04
1.711668372760336876e+09 1.522514660000000113e-04
1.711668374633935928e+09 1.523070889999999871e-04
1.711668376502938032e+09 1.523311699999999871e-04
1.711668378371499538e+09 1.523803619999999914e-04
1.711668380240019798e+09 1.524058859999999989e-04
1.711668382109063864e+09 1.524320270000000075e-04
1.711668384186649561e+09 1.524684309999999900e-04
1.711668386055651665e+09 1.524901400000000084e-04
1.711668387926693916e+09 1.524970279999999969e-04
1.711668389795382261e+09 1.525418690000000126e-04
1.711668391662417889e+09 1.525624430000000126e-04
1.711668393532948256e+09 1.525875550000000129e-04
1.711668395403755665e+09 1.526098109999999869e-04
1.711668397272758961e+09 1.526069230000000072e-04
1.711668399140810490e+09 1.526529189999999885e-04
1.711668401009348631e+09 1.526661189999999903e-04
1.711668402881856918e+09 1.526582450000000114e-04
1.711668404957419157e+09 1.526770659999999958e-04
1.711668406824433804e+09 1.526878939999999889e-04
1.711668408694952250e+09 1.526984059999999979e-04
1.711668410563984156e+09 1.527233540000000030e-04
1.711668412431067467e+09 1.527204669999999921e-04
1.711668414298596382e+09 1.527521789999999934e-04
1.711668416170625687e+09 1.527507529999999993e-04
1.711668418040147305e+09 1.527606020000000012e-04
1.711668419906684160e+09 1.527838569999999949e-04
1.711668421774142265e+09 1.528060820000000115e-04
1.711668423642688513e+09 1.527809059999999958e-04
1.711668425716602802e+09 1.528310260000000054e-04
1.711668427583609819e+09 1.528522710000000076e-04
1.711668429455369234e+09 1.528480079999999927e-04
1.711668431322009563e+09 1.528139409999999961e-04
1.711668433190659523e+09 1.528346179999999911e-04
1.711668435058181047e+09 1.528390529999999964e-04
1.711668436929177761e+09 1.528368520000000091e-04
1.711668438799487829e+09 1.528580450000000023e-04
1.711668440666526794e+09 1.528660369999999976e-04
1.711668442536525965e+09 1.528607780000000051e-04
1.711668444406039238e+09 1.528855049999999988e-04
1.711668446481014013e+09 1.528805030000000094e-04
1.711668448347308636e+09 1.529018510000000066e-04
1.711668450219846964e+09 1.529029840000000059e-04
1.711668452089367867e+09 1.529030349999999918e-04
1.711668453956375122e+09 1.528828729999999990e-04
1.711668455824901104e+09 1.529081909999999893e-04
1.711668457696148634e+09 1.529290429999999898e-04
1.711668459566187620e+09 1.529342000000000104e-04
1.711668461432762146e+09 1.529566299999999938e-04
1.711668463301763773e+09 1.529312599999999944e-04
1.711668465178273439e+09 1.529529259999999949e-04
1.711668467259953737e+09 1.529465320000000111e-04
1.711668469129969358e+09 1.529387969999999918e-04
1.711668471001506329e+09 1.529507079999999943e-04
1.711668472869510889e+09 1.529401360000000082e-04
1.711668474737036228e+09 1.529732400000000038e-04
1.711668476604571342e+09 1.529497779999999970e-04
1.711668478474445105e+09 1.529638230000000105e-04
1.711668480342541218e+09 1.529862020000000080e-04
1.711668482210502386e+09 1.529678969999999946e-04
1.711668484079504490e+09 1.529915130000000095e-04
1.711668485948370934e+09 1.529785110000000026e-04
1.711668488022827148e+09 1.529906289999999911e-04
1.711668489895344734e+09 1.529812959999999873e-04
1.711668491766917229e+09 1.529834820000000074e-04
1.711668493634921789e+09 1.529975300000000090e-04
1.711668495501726866e+09 1.529844320000000061e-04
1.711668497369249582e+09 1.529792760000000086e-04
1.711668499240277290e+09 1.530120089999999959e-04
1.711668501108591557e+09 1.529998920000000034e-04
1.711668502974601746e+09 1.530192799999999991e-04
1.711668504843246698e+09 1.529892179999999913e-04
1.711668506712763309e+09 1.530432459999999978e-04
1.711668508786218405e+09 1.530314379999999903e-04
1.711668510655782700e+09 1.530303029999999990e-04
1.711668512527294397e+09 1.530244229999999943e-04
1.711668514394978285e+09 1.530249880000000135e-04
1.711668516262501001e+09 1.530226160000000047e-04
1.711668518130543947e+09 1.530184910000000076e-04
1.711668520000542879e+09 1.530407620000000029e-04
1.711668521871573210e+09 1.530038940000000042e-04
1.711668523740849495e+09 1.530684520000000020e-04
1.711668525610364437e+09 1.530030170000000120e-04
1.711668527478890419e+09 1.530155130000000079e-04
1.711668529552345276e+09 1.530381490000000085e-04
1.711668531420907021e+09 1.530389230000000057e-04
1.711668533293435574e+09 1.530365389999999908e-04
1.711668535167419434e+09 1.530629249999999962e-04
1.711668537036455154e+09 1.530084739999999994e-04
1.711668538904984474e+09 1.530465280000000024e-04
1.711668540776558876e+09 1.530476419999999963e-04
1.711668542646408796e+09 1.530075770000000057e-04
1.711668544514413357e+09 1.530443939999999914e-04
1.711668546383144617e+09 1.530133519999999964e-04
1.711668548254662037e+09 1.530523050000000122e-04
1.711668550330278635e+09 1.530377640000000019e-04
1.711668552200843811e+09 1.530363720000000075e-04
1.711668554071840525e+09 1.530345299999999952e-04
1.711668555939896584e+09 1.530437219999999932e-04
1.711668557810921907e+09 1.530463520000000010e-04
1.711668559679915428e+09 1.530511990000000134e-04
1.711668561551563740e+09 1.530705569999999934e-04
1.711668563423084259e+09 1.530430730000000115e-04
1.711668565291088820e+09 1.530671540000000115e-04
1.711668567158876896e+09 1.530609140000000086e-04
1.711668569026881456e+09 1.530415610000000087e-04
1.711668571099376678e+09 1.530530089999999910e-04
1.711668572965902567e+09 1.530473369999999953e-04
1.711668574835901976e+09 1.530664100000000028e-04
1.711668576703209639e+09 1.530543410000000082e-04
1.711668578571245909e+09 1.530483600000000005e-04
1.711668580438253403e+09 1.530638809999999980e-04
1.711668582307893276e+09 1.530638510000000094e-04
1.711668584177925825e+09 1.530657069999999929e-04
1.711668586046232224e+09 1.530745760000000075e-04
1.711668587915759563e+09 1.530601379999999923e-04
1.711668589785758972e+09 1.530566220000000011e-04
1.711668591860823393e+09 1.530559000000000129e-04
1.711668593728858948e+09 1.530607469999999983e-04
1.711668595599853754e+09 1.530843520000000030e-04
1.711668597468669415e+09 1.530671169999999967e-04
1.711668599337234497e+09 1.530920739999999929e-04
1.711668601207377911e+09 1.530909910000000107e-04
1.711668603078329086e+09 1.530662610000000019e-04
1.711668604947331190e+09 1.530690969999999997e-04
1.711668606812070847e+09 1.530499670000000031e-04
1.711668608681098700e+09 1.530973540000000099e-04
1.711668610549103498e+09 1.530867390000000060e-04
1.711668612622605562e+09 1.530657520000000028e-04
1.711668614490136147e+09 1.530557489999999929e-04
1.711668616361385584e+09 1.530927739999999877e-04
1.711668618228943825e+09 1.530741109999999953e-04
1.711668620094470978e+09 1.530409549999999907e-04
1.711668621963016748e+09 1.530575069999999885e-04
1.711668623834527969e+09 1.530908440000000017e-04
1.711668625705778122e+09 1.530599059999999977e-04
1.711668627572309494e+09 1.530757360000000074e-04
1.711668629441826105e+09 1.530884719999999930e-04
1.711668631308864117e+09 1.530843209999999913e-04
1.711668633382832289e+09 1.530912820000000134e-04
1.711668635250362158e+09 1.530584359999999898e-04
1.711668637120616674e+09 1.530846189999999932e-04
1.711668638989654541e+09 1.530846580000000000e-04
1.711668640856187344e+09 1.530736750000000028e-04
1.711668642724730015e+09 1.531054899999999990e-04
1.711668644596760511e+09 1.530893920000000032e-04
1.711668646466027498e+09 1.530773259999999966e-04
1.711668648333560228e+09 1.530710350000000078e-04
1.711668650201592684e+09 1.530926410000000041e-04
1.711668652071114302e+09 1.531141840000000082e-04
1.711668654143607140e+09 1.530739640000000135e-04
1.711668656014857769e+09 1.531195469999999917e-04
1.711668657886897326e+09 1.530702119999999896e-04
1.711668659752954721e+09 1.530880130000000111e-04
1.711668661620484829e+09 1.530916739999999920e-04
1.711668663489989281e+09 1.530937889999999977e-04
1.711668665361507893e+09 1.530766429999999882e-04
1.711668667232043743e+09 1.530987639999999866e-04
1.711668669098081350e+09 1.530970100000000021e-04
1.711668670967367887e+09 1.530935039999999981e-04
1.711668672835409403e+09 1.531078140000000098e-04
1.711668674909894228e+09 1.531078140000000098e-04
1.711668676775903940e+09 1.530976559999999958e-04
1.711668678645958900e+09 1.531017139999999897e-04
1.711668680514478922e+09 1.531056180000000026e-04
1.711668682383760929e+09 1.530903550000000041e-04
1.711668684252281189e+09 1.530824660000000038e-04
1.711668686122803211e+09 1.530997230000000035e-04
1.711668687992802382e+09 1.531019400000000082e-04
1.711668689860836983e+09 1.531106549999999877e-04
1.711668691729095459e+09 1.531301969999999913e-04
1.711668693596617937e+09 1.531105719999999940e-04
1.711668695669597626e+09 1.531149040000000044e-04
1.711668697535607576e+09 1.531135120000000100e-04
1.711668699407159328e+09 1.531136919999999955e-04
1.711668701276473999e+09 1.531058280000000037e-04
1.711668703143481255e+09 1.531410979999999909e-04
1.711668705011511564e+09 1.531117579999999984e-04
1.711668706882508039e+09 1.531093799999999866e-04
1.711668708751545191e+09 1.531259839999999934e-04
1.711668710618584871e+09 1.531326869999999893e-04
1.711668712488844395e+09 1.531142790000000081e-04
1.711668714359357119e+09 1.531435399999999910e-04
1.711668716433336973e+09 1.531147150000000006e-04
1.711668718300173283e+09 1.531298750000000041e-04
1.711668720170207500e+09 1.531292240000000032e-04
1.711668722038759470e+09 1.531011369999999913e-04
1.711668723907308817e+09 1.531119660000000075e-04
1.711668725775827169e+09 1.531356849999999904e-04
1.711668727645826340e+09 1.531353859999999925e-04
1.711668729516607285e+09 1.531289920000000087e-04
1.711668731384156227e+09 1.531647779999999941e-04
1.711668733253157854e+09 1.531638499999999888e-04
1.711668735122194290e+09 1.531589420000000032e-04
1.711668737196686029e+09 1.531329540000000067e-04
1.711668739063974857e+09 1.531446070000000101e-04
1.711668740934003353e+09 1.531332860000000082e-04
1.711668742802007914e+09 1.531494520000000034e-04
1.711668744669532299e+09 1.531393459999999985e-04
1.711668746538072348e+09 1.531438319999999897e-04
1.711668748407322645e+09 1.531429050000000076e-04
1.711668750276838541e+09 1.531710589999999957e-04
1.711668752143394709e+09 1.531473400000000129e-04
1.711668754012396812e+09 1.531647169999999938e-04
1.711668755880922079e+09 1.531544389999999986e-04
1.711668757953527689e+09 1.531560889999999920e-04
1.711668759820239305e+09 1.531796539999999939e-04
1.711668761689277172e+09 1.531603120000000042e-04
1.711668763557281733e+09 1.531753630000000095e-04
1.711668765424316168e+09 1.531816019999999892e-04
1.711668767292353392e+09 1.531690200000000116e-04
1.711668769164595604e+09 1.531750190000000017e-04
1.711668771035626173e+09 1.531915200000000135e-04
1.711668772902633429e+09 1.531873430000000073e-04
1.711668774770155668e+09 1.531665629999999902e-04
1.711668776638681173e+09 1.531410870000000078e-04
1.711668778710904360e+09 1.531653219999999887e-04
1.711668780577448845e+09 1.531672300000000084e-04
1.711668782449488401e+09 1.531850450000000010e-04
1.711668784318490267e+09 1.531807379999999992e-04
1.711668786186021805e+09 1.531557299999999899e-04
1.711668788053287506e+09 1.531722300000000058e-04
1.711668789923799276e+09 1.531882679999999974e-04
1.711668791794826269e+09 1.531713550000000056e-04
1.711668793660835981e+09 1.532038410000000040e-04
1.711668795529860020e+09 1.531766660000000071e-04
1.711668797398386478e+09 1.531724200000000055e-04
1.711668799470875978e+09 1.532048539999999949e-04
1.711668801337921143e+09 1.531774219999999949e-04
1.711668803209429741e+09 1.531805930000000094e-04
1.711668805076693058e+09 1.531926330000000114e-04
1.711668806945211172e+09 1.531784010000000133e-04
1.711668808813215733e+09 1.531921180000000093e-04
1.711668810683763504e+09 1.532073690000000014e-04
1.711668812554276705e+09 1.531975720000000086e-04
1.711668814422545671e+09 1.531860730000000133e-04
1.711668816292519331e+09 1.532018009999999968e-04
1.711668818158566713e+09 1.532070300000000008e-04
1.711668820233019114e+09 1.532158470000000064e-04
1.711668822101059675e+09 1.532284809999999930e-04
1.711668823971058607e+09 1.531901609999999957e-04
1.711668825838851929e+09 1.531950519999999950e-04
1.711668827706372261e+09 1.531944850000000109e-04
1.711668829573379517e+09 1.532221750000000099e-04
1.711668831444918156e+09 1.532134190000000046e-04
1.711668833314951658e+09 1.532008890000000089e-04
1.711668835184214115e+09 1.532016109999999971e-04
1.711668837053737879e+09 1.531941340000000039e-04
1.711668838922253609e+09 1.531918109999999892e-04
1.711668840995280981e+09 1.532258949999999991e-04
1.711668842862849951e+09 1.532240900000000016e-04
1.711668844734108210e+09 1.532253399999999942e-04
1.711668846601628065e+09 1.532100379999999889e-04
1.711668848469156265e+09 1.532250940000000014e-04
1.711668850337160587e+09 1.532307150000000110e-04
1.711668852206710815e+09 1.532240249999999903e-04
1.711668854076709986e+09 1.532122170000000099e-04
1.711668855943496704e+09 1.531950980000000009e-04
1.711668857811022758e+09 1.532132999999999922e-04
1.711668859678063631e+09 1.532335380000000066e-04
1.711668861751546383e+09 1.532168829999999867e-04
1.711668863619068146e+09 1.532246180000000060e-04
1.711668865490321398e+09 1.532315469999999933e-04
1.711668867357852697e+09 1.532083120000000010e-04
1.711668869223896980e+09 1.532262050000000072e-04
1.711668871091429234e+09 1.532422420000000029e-04
1.711668872961942196e+09 1.532441550000000026e-04
1.711668874833187103e+09 1.532449280000000038e-04
1.711668876700715542e+09 1.532507029999999944e-04
1.711668878570266008e+09 1.532412669999999957e-04
1.711668880436275959e+09 1.532574869999999919e-04
1.711668882511286736e+09 1.532574350000000100e-04
1.711668884378328562e+09 1.532792980000000093e-04
1.711668886248575449e+09 1.532421070000000002e-04
1.711668888116109371e+09 1.532482300000000098e-04
1.711668889982119083e+09 1.532710729999999964e-04
1.711668891850664139e+09 1.532551399999999917e-04
1.711668893720697165e+09 1.532486469999999970e-04
1.711668895589967966e+09 1.532735009999999982e-04
1.711668897458814859e+09 1.532475639999999876e-04
1.711668899328924656e+09 1.532426649999999932e-04
1.711668901196460247e+09 1.532709029999999981e-04
1.711668903277431726e+09 1.532511019999999993e-04
1.711668905145212173e+09 1.532707479999999940e-04
1.711668907016208887e+09 1.532702220000000087e-04
1.711668908883736610e+09 1.532570059999999895e-04
1.711668910750262022e+09 1.532671649999999995e-04
1.711668912617796659e+09 1.532911420000000085e-04
1.711668914487827539e+09 1.532617069999999890e-04
1.711668916357204199e+09 1.532908409999999915e-04
1.711668918224769115e+09 1.532755779999999931e-04
1.711668920094288826e+09 1.532721230000000021e-04
1.711668921962805748e+09 1.532819030000000086e-04
1.711668924035299301e+09 1.532742710000000114e-04
1.711668925902551651e+09 1.532771070000000092e-04
1.711668927772588253e+09 1.532881240000000061e-04
1.711668929640629292e+09 1.532873840000000085e-04
1.711668931508166313e+09 1.532783610000000129e-04
1.711668933377688646e+09 1.532982129999999976e-04
1.711668935248479843e+09 1.532897679999999964e-04
1.711668937118479013e+09 1.532867260000000086e-04
1.711668938986027718e+09 1.533010610000000017e-04
1.711668940854547262e+09 1.532796100000000095e-04
1.711668942724591255e+09 1.532798820000000068e-04
1.711668944796344519e+09 1.533202570000000056e-04
1.711668946663351774e+09 1.533097890000000105e-04
1.711668948534862041e+09 1.533018930000000111e-04
1.711668950401393890e+09 1.533360760000000050e-04
1.711668952267925739e+09 1.532915760000000090e-04
1.711668954135960102e+09 1.532918849999999941e-04
1.711668956007247686e+09 1.532921110000000126e-04
1.711668957878307343e+09 1.533160370000000085e-04
1.711668959745810032e+09 1.532951019999999874e-04
1.711668961614898920e+09 1.533184089999999901e-04
1.711668963485076427e+09 1.532883560000000006e-04
1.711668965560051203e+09 1.533024850000000037e-04
1.711668967429052830e+09 1.532994940000000019e-04
1.711668969299572468e+09 1.533297759999999979e-04
1.711668971167611361e+09 1.533242199999999996e-04
1.711668973034618616e+09 1.533158659999999871e-04
1.711668974903940439e+09 1.533119989999999890e-04
1.711668976774937153e+09 1.533230860000000043e-04
1.711668978644000053e+09 1.533159700000000052e-04
1.711668980511031628e+09 1.533064829999999934e-04
1.711668982378576756e+09 1.533274179999999875e-04
1.711668984246864319e+09 1.533217939999999898e-04
1.711668986319833994e+09 1.533574249999999982e-04
1.711668988185844183e+09 1.533448429999999935e-04
1.711668990058377266e+09 1.533404100000000073e-04
1.711668991926905394e+09 1.533316969999999927e-04
1.711668993794844866e+09 1.533212299999999937e-04
1.711668995662374496e+09 1.533348940000000117e-04
1.711668997531376362e+09 1.533494450000000091e-04
1.711668999402922869e+09 1.533674929999999923e-04
1.711669001269477844e+09 1.533175269999999908e-04
1.711669003138479948e+09 1.533530029999999951e-04
1.711669005005390167e+09 1.533553569999999944e-04
1.711669007078845501e+09 1.533643290000000041e-04
1.711669008944590092e+09 1.533599969999999938e-04
1.711669010815656900e+09 1.533679630000000117e-04
1.711669012684659004e+09 1.533586549999999893e-04
1.711669014552947044e+09 1.533521580000000105e-04
1.711669016422168970e+09 1.533558710000000006e-04
1.711669018293687582e+09 1.533359299999999920e-04
1.711669020163595676e+09 1.533270610000000045e-04
1.711669022030136585e+09 1.533578970000000095e-04
1.711669023899620056e+09 1.533440260000000055e-04
1.711669025768145323e+09 1.533385230000000122e-04
1.711669027843595266e+09 1.533489900000000112e-04
1.711669029712850094e+09 1.533576009999999996e-04
1.711669031584911823e+09 1.533788089999999871e-04
1.711669033452915907e+09 1.533774299999999949e-04
1.711669035320954561e+09 1.533847009999999981e-04
1.711669037189987898e+09 1.533722739999999975e-04
1.711669039061763525e+09 1.533844680000000075e-04
1.711669040930793047e+09 1.533953480000000097e-04
1.711669042797800303e+09 1.533874580000000134e-04
1.711669044667337179e+09 1.533844680000000075e-04
1.711669046535856485e+09 1.533678830000000061e-04
1.711669048610309124e+09 1.533750509999999871e-04
1.711669050479129076e+09 1.533588589999999874e-04
1.711669052350712061e+09 1.533866609999999997e-04
1.711669054218716383e+09 1.533655820000000118e-04
1.711669056087241411e+09 1.533815669999999984e-04
1.711669057955270290e+09 1.533937870000000130e-04
1.711669059824101925e+09 1.533965449999999972e-04
1.711669061694139957e+09 1.534138190000000103e-04
1.711669063560149908e+09 1.533792710000000112e-04
1.711669065429685593e+09 1.533907179999999975e-04
1.711669067296211243e+09 1.533699310000000084e-04
1.711669069367938995e+09 1.534077789999999943e-04
1.711669071237975359e+09 1.533947339999999966e-04
1.711669073107490301e+09 1.533944740000000055e-04
1.711669074975494862e+09 1.533965859999999960e-04
1.711669076844289780e+09 1.534199440000000119e-04
1.711669078715962410e+09 1.534017419999999935e-04
1.711669080589224815e+09 1.533846609999999953e-04
1.711669082459344864e+09 1.533955409999999975e-04
1.711669084325981617e+09 1.534064209999999996e-04
1.711669086195495605e+09 1.533995109999999906e-04
1.711669088062502861e+09 1.533937929999999890e-04
1.711669090136489868e+09 1.534241650000000049e-04
1.711669092005529642e+09 1.533906989999999921e-04
1.711669093876526117e+09 1.534135290000000036e-04
1.711669095744846106e+09 1.534072260000000085e-04
1.711669097612375498e+09 1.534225920000000019e-04
1.711669099480408669e+09 1.534064009999999982e-04
1.711669101352433443e+09 1.534217100000000026e-04
1.711669103221471310e+09 1.534282070000000085e-04
1.711669105088735819e+09 1.534286709999999976e-04
1.711669106956273317e+09 1.534319199999999985e-04
1.711669108824278116e+09 1.534282109999999925e-04
1.711669110897794724e+09 1.534159900000000090e-04
1.711669112766312599e+09 1.534254260000000078e-04
1.711669114636570692e+09 1.534347029999999913e-04
1.711669116504105806e+09 1.534211359999999922e-04
1.711669118371653795e+09 1.534504760000000119e-04
1.711669120239658594e+09 1.534466079999999906e-04
1.711669122110236406e+09 1.534665280000000018e-04
1.711669123980235577e+09 1.534236779999999993e-04
1.711669125847548485e+09 1.534572470000000071e-04
1.711669127717062473e+09 1.534251740000000118e-04
1.711669129586064339e+09 1.534559460000000015e-04
1.711669131662568808e+09 1.534630620000000006e-04
1.711669133530603886e+09 1.534585760000000093e-04
1.711669135400857925e+09 1.534509170000000115e-04
1.711669137268378735e+09 1.534527949999999884e-04
1.711669139144037485e+09 1.534401099999999887e-04
1.711669141012144327e+09 1.534469679999999887e-04
1.711669142883662224e+09 1.534305779999999941e-04
1.711669144756847143e+09 1.534393959999999957e-04
1.711669146627833366e+09 1.534651780000000022e-04
1.711669149100747108e+09 1.534556559999999948e-04
1.711669150974582434e+09 1.534552950000000007e-04
1.711669153250025988e+09 1.534732389999999929e-04
1.711669155123065233e+09 1.534703790000000096e-04
1.711669156993048429e+09 1.534569509999999973e-04
1.711669158858123302e+09 1.534371499999999985e-04
1.711669160726449251e+09 1.534804639999999901e-04
1.711669162597445965e+09 1.534615620000000040e-04
1.711669164465969324e+09 1.534609430000000109e-04
1.711669166334504604e+09 1.534383059999999872e-04
1.711669168204504013e+09 1.534976049999999925e-04
1.711669170071799040e+09 1.534691600000000016e-04
1.711669172146287680e+09 1.534681280000000053e-04
1.711669174015289783e+09 1.534938589999999988e-04
1.711669175883817911e+09 1.535046010000000103e-04
1.711669177750825167e+09 1.535137450000000103e-04
1.711669179618651628e+09 1.534882210000000028e-04
1.711669181487693787e+09 1.534919339999999929e-04
1.711669183358690023e+09 1.534705010000000100e-04
1.711669185228215218e+09 1.534779780000000032e-04
1.711669187097246408e+09 1.534949420000000081e-04
1.711669188965251446e+09 1.534647770000000053e-04
1.711669190833653927e+09 1.534882979999999933e-04
1.711669192906111717e+09 1.534622070000000017e-04
